function sandbox(var,func)
	local env = getfenv(func)
	local newenv = setmetatable({},{
		__index = function(self,k)
			if k=="script" then
				return var
			else
				return env[k]
			end
		end,
	})
	setfenv(func,newenv)
	return func
end
cors = {}
mas = Instance.new("Model",game:GetService("Lighting"))
Folder0 = Instance.new("Folder")
Folder1 = Instance.new("Folder")
Folder2 = Instance.new("Folder")
Part3 = Instance.new("Part")
Part4 = Instance.new("Part")
Part5 = Instance.new("Part")
Part6 = Instance.new("Part")
Part7 = Instance.new("Part")
Part8 = Instance.new("Part")
Part9 = Instance.new("Part")
Part10 = Instance.new("Part")
Part11 = Instance.new("Part")
Part12 = Instance.new("Part")
Part13 = Instance.new("Part")
Part14 = Instance.new("Part")
Part15 = Instance.new("Part")
Part16 = Instance.new("Part")
Part17 = Instance.new("Part")
Part18 = Instance.new("Part")
Part19 = Instance.new("Part")
Part20 = Instance.new("Part")
Part21 = Instance.new("Part")
Part22 = Instance.new("Part")
Part23 = Instance.new("Part")
Part24 = Instance.new("Part")
Part25 = Instance.new("Part")
Part26 = Instance.new("Part")
Part27 = Instance.new("Part")
Part28 = Instance.new("Part")
Part29 = Instance.new("Part")
Part30 = Instance.new("Part")
Part31 = Instance.new("Part")
Part32 = Instance.new("Part")
Part33 = Instance.new("Part")
Part34 = Instance.new("Part")
Part35 = Instance.new("Part")
Part36 = Instance.new("Part")
Part37 = Instance.new("Part")
Part38 = Instance.new("Part")
Part39 = Instance.new("Part")
Part40 = Instance.new("Part")
Folder41 = Instance.new("Folder")
Part42 = Instance.new("Part")
Part43 = Instance.new("Part")
Part44 = Instance.new("Part")
Part45 = Instance.new("Part")
Part46 = Instance.new("Part")
Part47 = Instance.new("Part")
Part48 = Instance.new("Part")
Part49 = Instance.new("Part")
Part50 = Instance.new("Part")
Part51 = Instance.new("Part")
Part52 = Instance.new("Part")
Part53 = Instance.new("Part")
Part54 = Instance.new("Part")
Part55 = Instance.new("Part")
Part56 = Instance.new("Part")
Part57 = Instance.new("Part")
Part58 = Instance.new("Part")
Part59 = Instance.new("Part")
Part60 = Instance.new("Part")
Part61 = Instance.new("Part")
Part62 = Instance.new("Part")
Part63 = Instance.new("Part")
Part64 = Instance.new("Part")
Part65 = Instance.new("Part")
Part66 = Instance.new("Part")
Part67 = Instance.new("Part")
Part68 = Instance.new("Part")
Part69 = Instance.new("Part")
Part70 = Instance.new("Part")
Part71 = Instance.new("Part")
Part72 = Instance.new("Part")
Part73 = Instance.new("Part")
Part74 = Instance.new("Part")
Part75 = Instance.new("Part")
Part76 = Instance.new("Part")
Folder77 = Instance.new("Folder")
Part78 = Instance.new("Part")
Part79 = Instance.new("Part")
Part80 = Instance.new("Part")
Part81 = Instance.new("Part")
Folder82 = Instance.new("Folder")
Part83 = Instance.new("Part")
Part84 = Instance.new("Part")
Part85 = Instance.new("Part")
Part86 = Instance.new("Part")
Part87 = Instance.new("Part")
Part88 = Instance.new("Part")
Part89 = Instance.new("Part")
Part90 = Instance.new("Part")
Part91 = Instance.new("Part")
Part92 = Instance.new("Part")
Part93 = Instance.new("Part")
Part94 = Instance.new("Part")
Part95 = Instance.new("Part")
Part96 = Instance.new("Part")
Part97 = Instance.new("Part")
Part98 = Instance.new("Part")
Part99 = Instance.new("Part")
Part100 = Instance.new("Part")
Part101 = Instance.new("Part")
Part102 = Instance.new("Part")
Part103 = Instance.new("Part")
Part104 = Instance.new("Part")
Part105 = Instance.new("Part")
Part106 = Instance.new("Part")
Part107 = Instance.new("Part")
Part108 = Instance.new("Part")
Part109 = Instance.new("Part")
Part110 = Instance.new("Part")
Part111 = Instance.new("Part")
Part112 = Instance.new("Part")
Part113 = Instance.new("Part")
Part114 = Instance.new("Part")
Part115 = Instance.new("Part")
Part116 = Instance.new("Part")
Part117 = Instance.new("Part")
Part118 = Instance.new("Part")
Part119 = Instance.new("Part")
Part120 = Instance.new("Part")
Part121 = Instance.new("Part")
Folder122 = Instance.new("Folder")
Part123 = Instance.new("Part")
Part124 = Instance.new("Part")
Part125 = Instance.new("Part")
Part126 = Instance.new("Part")
Part127 = Instance.new("Part")
Part128 = Instance.new("Part")
Part129 = Instance.new("Part")
Part130 = Instance.new("Part")
Part131 = Instance.new("Part")
Part132 = Instance.new("Part")
Part133 = Instance.new("Part")
Part134 = Instance.new("Part")
Part135 = Instance.new("Part")
Part136 = Instance.new("Part")
Part137 = Instance.new("Part")
Part138 = Instance.new("Part")
Part139 = Instance.new("Part")
Part140 = Instance.new("Part")
Part141 = Instance.new("Part")
Part142 = Instance.new("Part")
Part143 = Instance.new("Part")
Part144 = Instance.new("Part")
Part145 = Instance.new("Part")
Part146 = Instance.new("Part")
Part147 = Instance.new("Part")
Part148 = Instance.new("Part")
Part149 = Instance.new("Part")
Part150 = Instance.new("Part")
Part151 = Instance.new("Part")
Part152 = Instance.new("Part")
Part153 = Instance.new("Part")
Part154 = Instance.new("Part")
Part155 = Instance.new("Part")
Part156 = Instance.new("Part")
Folder0.Name = "Artic"
Folder0.Parent = mas
Folder1.Name = "Trees"
Folder1.Parent = Folder0
Folder2.Name = "Rocks"
Folder2.Parent = Folder0
Part3.Parent = Folder2
Part3.Material = Enum.Material.Slate
Part3.BrickColor = BrickColor.new("Dark stone grey")
Part3.Rotation = Vector3.new(0, -6.01000023, 0)
Part3.Anchored = true
Part3.Locked = true
Part3.Size = Vector3.new(40.4000015, 35.2000008, 5.80000019)
Part3.CFrame = CFrame.new(408.721283, 7.14936399, -395.356262, 0.994509757, 0, -0.104643978, 0, 1, 0, 0.104643978, 0, 0.994509757)
Part3.BackSurface = Enum.SurfaceType.SmoothNoOutlines
Part3.BottomSurface = Enum.SurfaceType.SmoothNoOutlines
Part3.FrontSurface = Enum.SurfaceType.SmoothNoOutlines
Part3.LeftSurface = Enum.SurfaceType.SmoothNoOutlines
Part3.RightSurface = Enum.SurfaceType.SmoothNoOutlines
Part3.TopSurface = Enum.SurfaceType.SmoothNoOutlines
Part3.Color = Color3.new(0.388235, 0.372549, 0.384314)
Part3.Position = Vector3.new(408.721283, 7.14936399, -395.356262)
Part3.Orientation = Vector3.new(0, -6.01000023, 0)
Part3.Color = Color3.new(0.388235, 0.372549, 0.384314)
Part4.Parent = Folder2
Part4.Material = Enum.Material.Slate
Part4.BrickColor = BrickColor.new("Dark stone grey")
Part4.Rotation = Vector3.new(25.1200008, -5.44000006, 2.54999995)
Part4.Anchored = true
Part4.Locked = true
Part4.Size = Vector3.new(9.57999992, 9.35999966, 7.44000006)
Part4.CFrame = CFrame.new(399.573669, 10.2755423, -395.152954, 0.994509757, -0.0442243554, -0.0948396996, 0, 0.906308234, -0.422617286, 0.104643978, 0.420297056, 0.901332378)
Part4.BackSurface = Enum.SurfaceType.SmoothNoOutlines
Part4.BottomSurface = Enum.SurfaceType.SmoothNoOutlines
Part4.FrontSurface = Enum.SurfaceType.SmoothNoOutlines
Part4.LeftSurface = Enum.SurfaceType.SmoothNoOutlines
Part4.RightSurface = Enum.SurfaceType.SmoothNoOutlines
Part4.TopSurface = Enum.SurfaceType.SmoothNoOutlines
Part4.Color = Color3.new(0.388235, 0.372549, 0.384314)
Part4.Position = Vector3.new(399.573669, 10.2755423, -395.152954)
Part4.Orientation = Vector3.new(25, -6.01000023, 0)
Part4.Color = Color3.new(0.388235, 0.372549, 0.384314)
Part5.Parent = Folder2
Part5.Material = Enum.Material.Slate
Part5.BrickColor = BrickColor.new("Dark stone grey")
Part5.Rotation = Vector3.new(41.7999992, -77.8799973, -12.0100002)
Part5.Anchored = true
Part5.Locked = true
Part5.Size = Vector3.new(9.57999992, 9.35999966, 7.44000006)
Part5.CFrame = CFrame.new(414.638397, 17.1756363, -394.357025, 0.205297023, 0.043665126, -0.977725208, -0.792477131, 0.593642592, -0.139887691, 0.574311078, 0.803543448, 0.156476647)
Part5.BackSurface = Enum.SurfaceType.SmoothNoOutlines
Part5.BottomSurface = Enum.SurfaceType.SmoothNoOutlines
Part5.FrontSurface = Enum.SurfaceType.SmoothNoOutlines
Part5.LeftSurface = Enum.SurfaceType.SmoothNoOutlines
Part5.RightSurface = Enum.SurfaceType.SmoothNoOutlines
Part5.TopSurface = Enum.SurfaceType.SmoothNoOutlines
Part5.Color = Color3.new(0.388235, 0.372549, 0.384314)
Part5.Position = Vector3.new(414.638397, 17.1756363, -394.357025)
Part5.Orientation = Vector3.new(8.03999996, -80.9100037, -53.1599998)
Part5.Color = Color3.new(0.388235, 0.372549, 0.384314)
Part6.Parent = Folder2
Part6.Material = Enum.Material.Slate
Part6.BrickColor = BrickColor.new("Dark stone grey")
Part6.Rotation = Vector3.new(-180, -33.9900017, -180)
Part6.Anchored = true
Part6.Locked = true
Part6.Size = Vector3.new(15.3999996, 34.4000015, 6.67000008)
Part6.CFrame = CFrame.new(384.579803, 8.34938431, -394.205292, -0.829101443, 0, -0.559098244, 0, 1, 0, 0.559098244, 0, -0.829101443)
Part6.BackSurface = Enum.SurfaceType.SmoothNoOutlines
Part6.BottomSurface = Enum.SurfaceType.SmoothNoOutlines
Part6.FrontSurface = Enum.SurfaceType.SmoothNoOutlines
Part6.LeftSurface = Enum.SurfaceType.SmoothNoOutlines
Part6.RightSurface = Enum.SurfaceType.SmoothNoOutlines
Part6.TopSurface = Enum.SurfaceType.SmoothNoOutlines
Part6.Color = Color3.new(0.388235, 0.372549, 0.384314)
Part6.Position = Vector3.new(384.579803, 8.34938431, -394.205292)
Part6.Orientation = Vector3.new(0, -146.009995, 0)
Part6.Color = Color3.new(0.388235, 0.372549, 0.384314)
Part7.Parent = Folder2
Part7.Material = Enum.Material.Slate
Part7.BrickColor = BrickColor.new("Dark stone grey")
Part7.Rotation = Vector3.new(-180, -33.9900017, -180)
Part7.Anchored = true
Part7.Locked = true
Part7.Size = Vector3.new(15.3999996, 34.4000015, 6)
Part7.CFrame = CFrame.new(374.703308, 8.34938431, -408.851379, -0.829101443, 0, -0.559098244, 0, 1, 0, 0.559098244, 0, -0.829101443)
Part7.BackSurface = Enum.SurfaceType.SmoothNoOutlines
Part7.BottomSurface = Enum.SurfaceType.SmoothNoOutlines
Part7.FrontSurface = Enum.SurfaceType.SmoothNoOutlines
Part7.LeftSurface = Enum.SurfaceType.SmoothNoOutlines
Part7.RightSurface = Enum.SurfaceType.SmoothNoOutlines
Part7.TopSurface = Enum.SurfaceType.SmoothNoOutlines
Part7.Color = Color3.new(0.388235, 0.372549, 0.384314)
Part7.Position = Vector3.new(374.703308, 8.34938431, -408.851379)
Part7.Orientation = Vector3.new(0, -146.009995, 0)
Part7.Color = Color3.new(0.388235, 0.372549, 0.384314)
Part8.Parent = Folder2
Part8.Material = Enum.Material.Slate
Part8.BrickColor = BrickColor.new("Dark stone grey")
Part8.Rotation = Vector3.new(17.1800003, 55.3899994, 0.949999988)
Part8.Anchored = true
Part8.Locked = true
Part8.Size = Vector3.new(14, 14.4000006, 15.8000002)
Part8.CFrame = CFrame.new(371.748749, -5.8506012, -416.082642, 0.567848802, -0.0093699852, 0.823079586, 0.258818924, 0.951251209, -0.16773203, -0.781383693, 0.308275014, 0.542591989)
Part8.BackSurface = Enum.SurfaceType.SmoothNoOutlines
Part8.BottomSurface = Enum.SurfaceType.SmoothNoOutlines
Part8.FrontSurface = Enum.SurfaceType.SmoothNoOutlines
Part8.LeftSurface = Enum.SurfaceType.SmoothNoOutlines
Part8.RightSurface = Enum.SurfaceType.SmoothNoOutlines
Part8.TopSurface = Enum.SurfaceType.SmoothNoOutlines
Part8.Color = Color3.new(0.388235, 0.372549, 0.384314)
Part8.Position = Vector3.new(371.748749, -5.8506012, -416.082642)
Part8.Orientation = Vector3.new(9.65999985, 56.6100006, 15.2200003)
Part8.Color = Color3.new(0.388235, 0.372549, 0.384314)
Part9.Parent = Folder2
Part9.Material = Enum.Material.Slate
Part9.BrickColor = BrickColor.new("Dark stone grey")
Part9.Rotation = Vector3.new(0, 53.9900017, 0)
Part9.Anchored = true
Part9.Locked = true
Part9.Size = Vector3.new(23.7999992, 35.2000008, 5.80000019)
Part9.CFrame = CFrame.new(386.686279, 7.14936399, -421.668396, 0.58787787, 0, 0.808949828, 0, 1, 0, -0.808949828, 0, 0.58787787)
Part9.BackSurface = Enum.SurfaceType.SmoothNoOutlines
Part9.BottomSurface = Enum.SurfaceType.SmoothNoOutlines
Part9.FrontSurface = Enum.SurfaceType.SmoothNoOutlines
Part9.LeftSurface = Enum.SurfaceType.SmoothNoOutlines
Part9.RightSurface = Enum.SurfaceType.SmoothNoOutlines
Part9.TopSurface = Enum.SurfaceType.SmoothNoOutlines
Part9.Color = Color3.new(0.388235, 0.372549, 0.384314)
Part9.Position = Vector3.new(386.686279, 7.14936399, -421.668396)
Part9.Orientation = Vector3.new(0, 53.9900017, 0)
Part9.Color = Color3.new(0.388235, 0.372549, 0.384314)
Part10.Parent = Folder2
Part10.Material = Enum.Material.Slate
Part10.BrickColor = BrickColor.new("Dark stone grey")
Part10.Rotation = Vector3.new(17.1800003, 55.3899994, 0.949999988)
Part10.Anchored = true
Part10.Locked = true
Part10.Size = Vector3.new(14, 25.3999996, 15.8000002)
Part10.CFrame = CFrame.new(395.741211, 1.18126702, -430.600952, 0.567848802, -0.0093699852, 0.823079586, 0.258818924, 0.951251209, -0.16773203, -0.781383693, 0.308275014, 0.542591989)
Part10.BackSurface = Enum.SurfaceType.SmoothNoOutlines
Part10.BottomSurface = Enum.SurfaceType.SmoothNoOutlines
Part10.FrontSurface = Enum.SurfaceType.SmoothNoOutlines
Part10.LeftSurface = Enum.SurfaceType.SmoothNoOutlines
Part10.RightSurface = Enum.SurfaceType.SmoothNoOutlines
Part10.TopSurface = Enum.SurfaceType.SmoothNoOutlines
Part10.Color = Color3.new(0.388235, 0.372549, 0.384314)
Part10.Position = Vector3.new(395.741211, 1.18126702, -430.600952)
Part10.Orientation = Vector3.new(9.65999985, 56.6100006, 15.2200003)
Part10.Color = Color3.new(0.388235, 0.372549, 0.384314)
Part11.Parent = Folder2
Part11.Material = Enum.Material.Slate
Part11.BrickColor = BrickColor.new("Dark stone grey")
Part11.Rotation = Vector3.new(174.470001, -9.69999981, 155.550003)
Part11.Anchored = true
Part11.Locked = true
Part11.Size = Vector3.new(19, 34, 21)
Part11.CFrame = CFrame.new(401.979248, -11.9626122, -437.079468, -0.897326767, -0.407917261, -0.168547243, -0.397132903, 0.912836194, -0.0949505046, 0.192587957, -0.0182659682, -0.981109738)
Part11.BackSurface = Enum.SurfaceType.SmoothNoOutlines
Part11.BottomSurface = Enum.SurfaceType.SmoothNoOutlines
Part11.FrontSurface = Enum.SurfaceType.SmoothNoOutlines
Part11.LeftSurface = Enum.SurfaceType.SmoothNoOutlines
Part11.RightSurface = Enum.SurfaceType.SmoothNoOutlines
Part11.TopSurface = Enum.SurfaceType.SmoothNoOutlines
Part11.Color = Color3.new(0.388235, 0.372549, 0.384314)
Part11.Position = Vector3.new(401.979248, -11.9626122, -437.079468)
Part11.Orientation = Vector3.new(5.44999981, -170.25, -23.5100002)
Part11.Color = Color3.new(0.388235, 0.372549, 0.384314)
Part12.Parent = Folder2
Part12.Material = Enum.Material.Slate
Part12.BrickColor = BrickColor.new("Dark stone grey")
Part12.Rotation = Vector3.new(0, -46.0099983, 0)
Part12.Anchored = true
Part12.Locked = true
Part12.Size = Vector3.new(53, 35, 5.80000019)
Part12.CFrame = CFrame.new(411.25293, 7.04937315, -410.520081, 0.694575191, 0, -0.719420195, 0, 1, 0, 0.719420195, 0, 0.694575191)
Part12.BackSurface = Enum.SurfaceType.SmoothNoOutlines
Part12.BottomSurface = Enum.SurfaceType.SmoothNoOutlines
Part12.FrontSurface = Enum.SurfaceType.SmoothNoOutlines
Part12.LeftSurface = Enum.SurfaceType.SmoothNoOutlines
Part12.RightSurface = Enum.SurfaceType.SmoothNoOutlines
Part12.TopSurface = Enum.SurfaceType.SmoothNoOutlines
Part12.Color = Color3.new(0.388235, 0.372549, 0.384314)
Part12.Position = Vector3.new(411.25293, 7.04937315, -410.520081)
Part12.Orientation = Vector3.new(0, -46.0099983, 0)
Part12.Color = Color3.new(0.388235, 0.372549, 0.384314)
Part13.Parent = Folder2
Part13.Material = Enum.Material.Slate
Part13.BrickColor = BrickColor.new("Dark stone grey")
Part13.Rotation = Vector3.new(-33.8800011, -40.6899986, -23.6399994)
Part13.Anchored = true
Part13.Locked = true
Part13.Size = Vector3.new(4, 10.6000004, 4)
Part13.CFrame = CFrame.new(416.326294, 9.81386757, -409.779083, 0.694575191, 0.304039925, -0.652016163, 0, 0.906307876, 0.422618091, 0.719420195, -0.293540001, 0.629498959)
Part13.BackSurface = Enum.SurfaceType.SmoothNoOutlines
Part13.BottomSurface = Enum.SurfaceType.SmoothNoOutlines
Part13.FrontSurface = Enum.SurfaceType.SmoothNoOutlines
Part13.LeftSurface = Enum.SurfaceType.SmoothNoOutlines
Part13.RightSurface = Enum.SurfaceType.SmoothNoOutlines
Part13.TopSurface = Enum.SurfaceType.SmoothNoOutlines
Part13.Color = Color3.new(0.388235, 0.372549, 0.384314)
Part13.Position = Vector3.new(416.326294, 9.81386757, -409.779083)
Part13.Orientation = Vector3.new(-25, -46.0099983, 0)
Part13.Color = Color3.new(0.388235, 0.372549, 0.384314)
Part14.Parent = Folder2
Part14.Material = Enum.Material.Slate
Part14.BrickColor = BrickColor.new("Dark stone grey")
Part14.Rotation = Vector3.new(-167.949997, -11.5100002, -177.759995)
Part14.Anchored = true
Part14.Locked = true
Part14.Size = Vector3.new(19, 34, 21)
Part14.CFrame = CFrame.new(408.200073, -20.2936058, -429.761292, -0.97912699, 0.0383698605, -0.19959493, -0.0033460001, 0.978842974, 0.204585537, 0.203222007, 0.200983033, -0.958283246)
Part14.BackSurface = Enum.SurfaceType.SmoothNoOutlines
Part14.BottomSurface = Enum.SurfaceType.SmoothNoOutlines
Part14.FrontSurface = Enum.SurfaceType.SmoothNoOutlines
Part14.LeftSurface = Enum.SurfaceType.SmoothNoOutlines
Part14.RightSurface = Enum.SurfaceType.SmoothNoOutlines
Part14.TopSurface = Enum.SurfaceType.SmoothNoOutlines
Part14.Color = Color3.new(0.388235, 0.372549, 0.384314)
Part14.Position = Vector3.new(408.200073, -20.2936058, -429.761292)
Part14.Orientation = Vector3.new(-11.8100004, -168.229996, -0.200000003)
Part14.Color = Color3.new(0.388235, 0.372549, 0.384314)
Part15.Parent = Folder2
Part15.Material = Enum.Material.Slate
Part15.BrickColor = BrickColor.new("Dark stone grey")
Part15.Rotation = Vector3.new(45.2299995, -36.1100006, 50.7099991)
Part15.Anchored = true
Part15.Locked = true
Part15.Size = Vector3.new(39.5999985, 14, 3.79999971)
Part15.CFrame = CFrame.new(404.378174, 24.6909409, -413.014954, 0.511555076, -0.625316858, -0.589313447, 0.28016603, 0.769750059, -0.573578119, 0.812292099, 0.128311202, 0.568962038)
Part15.BackSurface = Enum.SurfaceType.SmoothNoOutlines
Part15.BottomSurface = Enum.SurfaceType.SmoothNoOutlines
Part15.FrontSurface = Enum.SurfaceType.SmoothNoOutlines
Part15.LeftSurface = Enum.SurfaceType.SmoothNoOutlines
Part15.RightSurface = Enum.SurfaceType.SmoothNoOutlines
Part15.TopSurface = Enum.SurfaceType.SmoothNoOutlines
Part15.Color = Color3.new(0.388235, 0.372549, 0.384314)
Part15.Position = Vector3.new(404.378174, 24.6909409, -413.014954)
Part15.Orientation = Vector3.new(35, -46.0099983, 20)
Part15.Color = Color3.new(0.388235, 0.372549, 0.384314)
Part16.Parent = Folder2
Part16.Material = Enum.Material.Slate
Part16.BrickColor = BrickColor.new("Dark stone grey")
Part16.Rotation = Vector3.new(-15.0799999, -5.80000019, -1.55999994)
Part16.Anchored = true
Part16.Locked = true
Part16.Size = Vector3.new(25.5999985, 10.6000004, 12.6000004)
Part16.CFrame = CFrame.new(402.175781, 29.1521683, -405.337738, 0.994509757, 0.0270838439, -0.101078331, 0, 0.965925872, 0.258818984, 0.104643978, -0.257398009, 0.960622728)
Part16.BackSurface = Enum.SurfaceType.SmoothNoOutlines
Part16.BottomSurface = Enum.SurfaceType.SmoothNoOutlines
Part16.FrontSurface = Enum.SurfaceType.SmoothNoOutlines
Part16.LeftSurface = Enum.SurfaceType.SmoothNoOutlines
Part16.RightSurface = Enum.SurfaceType.SmoothNoOutlines
Part16.TopSurface = Enum.SurfaceType.SmoothNoOutlines
Part16.Color = Color3.new(0.388235, 0.372549, 0.384314)
Part16.Position = Vector3.new(402.175781, 29.1521683, -405.337738)
Part16.Orientation = Vector3.new(-15, -6.01000023, 0)
Part16.Color = Color3.new(0.388235, 0.372549, 0.384314)
Part17.Parent = Folder2
Part17.Material = Enum.Material.Slate
Part17.BrickColor = BrickColor.new("Dark stone grey")
Part17.Rotation = Vector3.new(31.7600002, 49.4799995, -25.2000008)
Part17.Anchored = true
Part17.Locked = true
Part17.Size = Vector3.new(18.2000008, 12.6000004, 32)
Part17.CFrame = CFrame.new(398.538025, 24.6761703, -410.58316, 0.58787787, 0.276676953, 0.760164142, 0, 0.939692736, -0.342019916, -0.808949828, 0.201065943, 0.55242449)
Part17.BackSurface = Enum.SurfaceType.SmoothNoOutlines
Part17.BottomSurface = Enum.SurfaceType.SmoothNoOutlines
Part17.FrontSurface = Enum.SurfaceType.SmoothNoOutlines
Part17.LeftSurface = Enum.SurfaceType.SmoothNoOutlines
Part17.RightSurface = Enum.SurfaceType.SmoothNoOutlines
Part17.TopSurface = Enum.SurfaceType.SmoothNoOutlines
Part17.Color = Color3.new(0.388235, 0.372549, 0.384314)
Part17.Position = Vector3.new(398.538025, 24.6761703, -410.58316)
Part17.Orientation = Vector3.new(20, 53.9900017, 0)
Part17.Color = Color3.new(0.388235, 0.372549, 0.384314)
Part18.Parent = Folder2
Part18.Material = Enum.Material.Slate
Part18.BrickColor = BrickColor.new("Dark stone grey")
Part18.Rotation = Vector3.new(0, 33.9900017, 0)
Part18.Anchored = true
Part18.Locked = true
Part18.Size = Vector3.new(0.76000011, 4.76000023, 2.9599998)
Part18.CFrame = CFrame.new(382.065674, 26.9978714, -411.741516, 0.829101443, 0, 0.559098244, 0, 1, 0, -0.559098244, 0, 0.829101443)
Part18.BackSurface = Enum.SurfaceType.SmoothNoOutlines
Part18.BottomSurface = Enum.SurfaceType.SmoothNoOutlines
Part18.FrontSurface = Enum.SurfaceType.SmoothNoOutlines
Part18.LeftSurface = Enum.SurfaceType.SmoothNoOutlines
Part18.RightSurface = Enum.SurfaceType.SmoothNoOutlines
Part18.TopSurface = Enum.SurfaceType.SmoothNoOutlines
Part18.Color = Color3.new(0.388235, 0.372549, 0.384314)
Part18.Position = Vector3.new(382.065674, 26.9978714, -411.741516)
Part18.Orientation = Vector3.new(0, 33.9900017, 0)
Part18.Color = Color3.new(0.388235, 0.372549, 0.384314)
Part19.Parent = Folder2
Part19.Material = Enum.Material.Slate
Part19.BrickColor = BrickColor.new("Dark stone grey")
Part19.Rotation = Vector3.new(0, 33.9900017, 0)
Part19.Anchored = true
Part19.Locked = true
Part19.Size = Vector3.new(0.76000011, 4.76000023, 2.75999975)
Part19.CFrame = CFrame.new(389.725281, 26.9978714, -400.382874, 0.829101443, 0, 0.559098244, 0, 1, 0, -0.559098244, 0, 0.829101443)
Part19.BackSurface = Enum.SurfaceType.SmoothNoOutlines
Part19.BottomSurface = Enum.SurfaceType.SmoothNoOutlines
Part19.FrontSurface = Enum.SurfaceType.SmoothNoOutlines
Part19.LeftSurface = Enum.SurfaceType.SmoothNoOutlines
Part19.RightSurface = Enum.SurfaceType.SmoothNoOutlines
Part19.TopSurface = Enum.SurfaceType.SmoothNoOutlines
Part19.Color = Color3.new(0.388235, 0.372549, 0.384314)
Part19.Position = Vector3.new(389.725281, 26.9978714, -400.382874)
Part19.Orientation = Vector3.new(0, 33.9900017, 0)
Part19.Color = Color3.new(0.388235, 0.372549, 0.384314)
Part20.Parent = Folder2
Part20.Material = Enum.Material.Slate
Part20.BrickColor = BrickColor.new("Dark stone grey")
Part20.Rotation = Vector3.new(13.75, 31.4599991, 17.4400005)
Part20.Anchored = true
Part20.Locked = true
Part20.Size = Vector3.new(23.7999992, 34, 24.5999985)
Part20.CFrame = CFrame.new(419.234131, -15.1544876, -488.041565, 0.813814819, -0.255687654, 0.521851838, 0.409473896, 0.889510274, -0.202737972, -0.412354916, 0.378675848, 0.828594089)
Part20.BackSurface = Enum.SurfaceType.SmoothNoOutlines
Part20.BottomSurface = Enum.SurfaceType.SmoothNoOutlines
Part20.FrontSurface = Enum.SurfaceType.SmoothNoOutlines
Part20.LeftSurface = Enum.SurfaceType.SmoothNoOutlines
Part20.RightSurface = Enum.SurfaceType.SmoothNoOutlines
Part20.TopSurface = Enum.SurfaceType.SmoothNoOutlines
Part20.Color = Color3.new(0.388235, 0.372549, 0.384314)
Part20.Position = Vector3.new(419.234131, -15.1544876, -488.041565)
Part20.Orientation = Vector3.new(11.6999998, 32.2000008, 24.7199993)
Part20.Color = Color3.new(0.388235, 0.372549, 0.384314)
Part21.Parent = Folder2
Part21.Material = Enum.Material.Slate
Part21.BrickColor = BrickColor.new("Dark stone grey")
Part21.Rotation = Vector3.new(-4.01000023, 0.670000017, 20.3899994)
Part21.Anchored = true
Part21.Locked = true
Part21.Size = Vector3.new(23.7999992, 34, 31.5999985)
Part21.CFrame = CFrame.new(327.537598, -5.04517698, -430.054413, 0.937259972, -0.348435849, 0.0116760982, 0.346841007, 0.935313463, 0.0699302107, -0.0352870002, -0.0614930317, 0.997483611)
Part21.BackSurface = Enum.SurfaceType.SmoothNoOutlines
Part21.BottomSurface = Enum.SurfaceType.SmoothNoOutlines
Part21.FrontSurface = Enum.SurfaceType.SmoothNoOutlines
Part21.LeftSurface = Enum.SurfaceType.SmoothNoOutlines
Part21.RightSurface = Enum.SurfaceType.SmoothNoOutlines
Part21.TopSurface = Enum.SurfaceType.SmoothNoOutlines
Part21.Color = Color3.new(0.388235, 0.372549, 0.384314)
Part21.Position = Vector3.new(327.537598, -5.04517698, -430.054413)
Part21.Orientation = Vector3.new(-4.01000023, 0.670000017, 20.3500004)
Part21.Color = Color3.new(0.388235, 0.372549, 0.384314)
Part22.Parent = Folder2
Part22.Material = Enum.Material.Slate
Part22.BrickColor = BrickColor.new("Dark stone grey")
Part22.Rotation = Vector3.new(-25.3799992, -43.6500015, -54.6899986)
Part22.Anchored = true
Part22.Locked = true
Part22.Size = Vector3.new(19, 35.7599983, 21)
Part22.CFrame = CFrame.new(333.690643, -5.18087721, -528.7146, 0.418246061, 0.590400875, -0.69028765, -0.566175044, 0.763709128, 0.310151964, 0.710293055, 0.261103809, 0.65368849)
Part22.BackSurface = Enum.SurfaceType.SmoothNoOutlines
Part22.BottomSurface = Enum.SurfaceType.SmoothNoOutlines
Part22.FrontSurface = Enum.SurfaceType.SmoothNoOutlines
Part22.LeftSurface = Enum.SurfaceType.SmoothNoOutlines
Part22.RightSurface = Enum.SurfaceType.SmoothNoOutlines
Part22.TopSurface = Enum.SurfaceType.SmoothNoOutlines
Part22.Color = Color3.new(0.388235, 0.372549, 0.384314)
Part22.Position = Vector3.new(333.690643, -5.18087721, -528.7146)
Part22.Orientation = Vector3.new(-18.0699997, -46.5600014, -36.5499992)
Part22.Color = Color3.new(0.388235, 0.372549, 0.384314)
Part23.Parent = Folder2
Part23.Material = Enum.Material.Slate
Part23.BrickColor = BrickColor.new("Dark stone grey")
Part23.Rotation = Vector3.new(5.53000021, 9.69999981, -24.4500008)
Part23.Anchored = true
Part23.Locked = true
Part23.Size = Vector3.new(19, 34, 21)
Part23.CFrame = CFrame.new(265.07312, -4.59830093, -481.64328, 0.897327721, 0.407916188, 0.168545008, -0.39713186, 0.912836671, -0.0949505866, -0.19258593, 0.0182671975, 0.981110156)
Part23.BackSurface = Enum.SurfaceType.SmoothNoOutlines
Part23.BottomSurface = Enum.SurfaceType.SmoothNoOutlines
Part23.FrontSurface = Enum.SurfaceType.SmoothNoOutlines
Part23.LeftSurface = Enum.SurfaceType.SmoothNoOutlines
Part23.RightSurface = Enum.SurfaceType.SmoothNoOutlines
Part23.TopSurface = Enum.SurfaceType.SmoothNoOutlines
Part23.Color = Color3.new(0.388235, 0.372549, 0.384314)
Part23.Position = Vector3.new(265.07312, -4.59830093, -481.64328)
Part23.Orientation = Vector3.new(5.44999981, 9.75, -23.5100002)
Part23.Color = Color3.new(0.388235, 0.372549, 0.384314)
Part24.Parent = Folder2
Part24.Material = Enum.Material.Slate
Part24.BrickColor = BrickColor.new("Dark stone grey")
Part24.Rotation = Vector3.new(-85.4800034, 76.2900009, 117.519997)
Part24.Anchored = true
Part24.Locked = true
Part24.Size = Vector3.new(32, 34, 23.9999981)
Part24.CFrame = CFrame.new(302.616791, -13.0640783, -360.425354, -0.109509028, -0.210205004, 0.971504867, 0.517342091, 0.822512984, 0.2362829, -0.8487432, 0.528475463, 0.0186753012)
Part24.BackSurface = Enum.SurfaceType.SmoothNoOutlines
Part24.BottomSurface = Enum.SurfaceType.SmoothNoOutlines
Part24.FrontSurface = Enum.SurfaceType.SmoothNoOutlines
Part24.LeftSurface = Enum.SurfaceType.SmoothNoOutlines
Part24.RightSurface = Enum.SurfaceType.SmoothNoOutlines
Part24.TopSurface = Enum.SurfaceType.SmoothNoOutlines
Part24.Color = Color3.new(0.388235, 0.372549, 0.384314)
Part24.Position = Vector3.new(302.616791, -13.0640783, -360.425354)
Part24.Orientation = Vector3.new(-13.6700001, 88.9000015, 32.1699982)
Part24.Color = Color3.new(0.388235, 0.372549, 0.384314)
Part25.Parent = Folder2
Part25.Material = Enum.Material.Slate
Part25.BrickColor = BrickColor.new("Dark stone grey")
Part25.Rotation = Vector3.new(83.4700012, 70.5999985, -73.9599991)
Part25.Anchored = true
Part25.Locked = true
Part25.Size = Vector3.new(32, 34, 23.9999981)
Part25.CFrame = CFrame.new(297.940979, -21.0731831, -366.679993, 0.0917670056, 0.319260001, 0.943213642, 0.149645016, 0.932032049, -0.330034494, -0.984472096, 0.171433479, 0.0377541259)
Part25.BackSurface = Enum.SurfaceType.SmoothNoOutlines
Part25.BottomSurface = Enum.SurfaceType.SmoothNoOutlines
Part25.FrontSurface = Enum.SurfaceType.SmoothNoOutlines
Part25.LeftSurface = Enum.SurfaceType.SmoothNoOutlines
Part25.RightSurface = Enum.SurfaceType.SmoothNoOutlines
Part25.TopSurface = Enum.SurfaceType.SmoothNoOutlines
Part25.Color = Color3.new(0.388235, 0.372549, 0.384314)
Part25.Position = Vector3.new(297.940979, -21.0731831, -366.679993)
Part25.Orientation = Vector3.new(19.2700005, 87.7099991, 9.11999989)
Part25.Color = Color3.new(0.388235, 0.372549, 0.384314)
Part26.Parent = Folder2
Part26.Material = Enum.Material.Slate
Part26.BrickColor = BrickColor.new("Dark stone grey")
Part26.Rotation = Vector3.new(7.78999996, 61.3199997, -16.6200008)
Part26.Anchored = true
Part26.Locked = true
Part26.Size = Vector3.new(26.5999985, 34, 18.3999977)
Part26.CFrame = CFrame.new(340.457733, -15.2465858, -254.337036, 0.459802181, 0.137269855, 0.877347708, -0.169518054, 0.983380079, -0.0650183111, -0.871691287, -0.118830711, 0.475429982)
Part26.BackSurface = Enum.SurfaceType.SmoothNoOutlines
Part26.BottomSurface = Enum.SurfaceType.SmoothNoOutlines
Part26.FrontSurface = Enum.SurfaceType.SmoothNoOutlines
Part26.LeftSurface = Enum.SurfaceType.SmoothNoOutlines
Part26.RightSurface = Enum.SurfaceType.SmoothNoOutlines
Part26.TopSurface = Enum.SurfaceType.SmoothNoOutlines
Part26.Color = Color3.new(0.388235, 0.372549, 0.384314)
Part26.Position = Vector3.new(340.457733, -15.2465858, -254.337036)
Part26.Orientation = Vector3.new(3.73000002, 61.5499992, -9.77999973)
Part26.Color = Color3.new(0.388235, 0.372549, 0.384314)
Part27.Parent = Folder2
Part27.Material = Enum.Material.Slate
Part27.BrickColor = BrickColor.new("Dark stone grey")
Part27.Rotation = Vector3.new(25.1200008, -5.44000006, 2.54999995)
Part27.Anchored = true
Part27.Locked = true
Part27.Size = Vector3.new(9.57999992, 9.35999966, 7.44000006)
Part27.CFrame = CFrame.new(444.525024, -6.72442198, -328.493164, 0.994509757, -0.0442243554, -0.0948396996, 0, 0.906308234, -0.422617286, 0.104643978, 0.420297056, 0.901332378)
Part27.BackSurface = Enum.SurfaceType.SmoothNoOutlines
Part27.BottomSurface = Enum.SurfaceType.SmoothNoOutlines
Part27.FrontSurface = Enum.SurfaceType.SmoothNoOutlines
Part27.LeftSurface = Enum.SurfaceType.SmoothNoOutlines
Part27.RightSurface = Enum.SurfaceType.SmoothNoOutlines
Part27.TopSurface = Enum.SurfaceType.SmoothNoOutlines
Part27.Color = Color3.new(0.388235, 0.372549, 0.384314)
Part27.Position = Vector3.new(444.525024, -6.72442198, -328.493164)
Part27.Orientation = Vector3.new(25, -6.01000023, 0)
Part27.Color = Color3.new(0.388235, 0.372549, 0.384314)
Part28.Parent = Folder2
Part28.Material = Enum.Material.Slate
Part28.BrickColor = BrickColor.new("Dark stone grey")
Part28.Rotation = Vector3.new(7.78999996, 61.3199997, -16.6200008)
Part28.Anchored = true
Part28.Locked = true
Part28.Size = Vector3.new(23.7999992, 34, 24.5999985)
Part28.CFrame = CFrame.new(504.540314, -15.2108116, -360.890564, 0.459802181, 0.137269855, 0.877347708, -0.169518054, 0.983380079, -0.0650183111, -0.871691287, -0.118830711, 0.475429982)
Part28.BackSurface = Enum.SurfaceType.SmoothNoOutlines
Part28.BottomSurface = Enum.SurfaceType.SmoothNoOutlines
Part28.FrontSurface = Enum.SurfaceType.SmoothNoOutlines
Part28.LeftSurface = Enum.SurfaceType.SmoothNoOutlines
Part28.RightSurface = Enum.SurfaceType.SmoothNoOutlines
Part28.TopSurface = Enum.SurfaceType.SmoothNoOutlines
Part28.Color = Color3.new(0.388235, 0.372549, 0.384314)
Part28.Position = Vector3.new(504.540314, -15.2108116, -360.890564)
Part28.Orientation = Vector3.new(3.73000002, 61.5499992, -9.77999973)
Part28.Color = Color3.new(0.388235, 0.372549, 0.384314)
Part29.Parent = Folder2
Part29.Material = Enum.Material.Slate
Part29.BrickColor = BrickColor.new("Dark stone grey")
Part29.Rotation = Vector3.new(-14.5500002, -24.2900009, -17.0699997)
Part29.Anchored = true
Part29.Locked = true
Part29.Size = Vector3.new(23.7999992, 34, 31.5999985)
Part29.CFrame = CFrame.new(171.291779, -20.6414585, -516.958618, 0.871357679, 0.267494142, -0.411318332, -0.185281947, 0.955637097, 0.228972346, 0.454319865, -0.123306945, 0.882263482)
Part29.BackSurface = Enum.SurfaceType.SmoothNoOutlines
Part29.BottomSurface = Enum.SurfaceType.SmoothNoOutlines
Part29.FrontSurface = Enum.SurfaceType.SmoothNoOutlines
Part29.LeftSurface = Enum.SurfaceType.SmoothNoOutlines
Part29.RightSurface = Enum.SurfaceType.SmoothNoOutlines
Part29.TopSurface = Enum.SurfaceType.SmoothNoOutlines
Part29.Color = Color3.new(0.388235, 0.372549, 0.384314)
Part29.Position = Vector3.new(171.291779, -20.6414585, -516.958618)
Part29.Orientation = Vector3.new(-13.2399998, -25, -10.9700003)
Part29.Color = Color3.new(0.388235, 0.372549, 0.384314)
Part30.Parent = Folder2
Part30.Material = Enum.Material.Slate
Part30.BrickColor = BrickColor.new("Dark stone grey")
Part30.Rotation = Vector3.new(44.2799988, 49.0600014, -57.7200012)
Part30.Anchored = true
Part30.Locked = true
Part30.Size = Vector3.new(19, 34, 21)
Part30.CFrame = CFrame.new(254.003784, -4.54752684, -565.118103, 0.349969923, 0.553971708, 0.75540483, -0.323659897, 0.828246057, -0.457441628, -0.879070759, -0.0844034478, 0.469159603)
Part30.BackSurface = Enum.SurfaceType.SmoothNoOutlines
Part30.BottomSurface = Enum.SurfaceType.SmoothNoOutlines
Part30.FrontSurface = Enum.SurfaceType.SmoothNoOutlines
Part30.LeftSurface = Enum.SurfaceType.SmoothNoOutlines
Part30.RightSurface = Enum.SurfaceType.SmoothNoOutlines
Part30.TopSurface = Enum.SurfaceType.SmoothNoOutlines
Part30.Color = Color3.new(0.388235, 0.372549, 0.384314)
Part30.Position = Vector3.new(254.003784, -4.54752684, -565.118103)
Part30.Orientation = Vector3.new(27.2199993, 58.1599998, -21.3400002)
Part30.Color = Color3.new(0.388235, 0.372549, 0.384314)
Part31.Parent = Folder2
Part31.Material = Enum.Material.Slate
Part31.BrickColor = BrickColor.new("Dark stone grey")
Part31.Rotation = Vector3.new(31.9799995, -26.0400009, -7.73999977)
Part31.Anchored = true
Part31.Locked = true
Part31.Size = Vector3.new(23.7999992, 34, 31.5999985)
Part31.CFrame = CFrame.new(324.594849, -20.624073, -620.710876, 0.89027667, 0.121071853, -0.439032137, -0.344687879, 0.809192419, -0.475813001, 0.297653884, 0.574934244, 0.762137115)
Part31.BackSurface = Enum.SurfaceType.SmoothNoOutlines
Part31.BottomSurface = Enum.SurfaceType.SmoothNoOutlines
Part31.FrontSurface = Enum.SurfaceType.SmoothNoOutlines
Part31.LeftSurface = Enum.SurfaceType.SmoothNoOutlines
Part31.RightSurface = Enum.SurfaceType.SmoothNoOutlines
Part31.TopSurface = Enum.SurfaceType.SmoothNoOutlines
Part31.Color = Color3.new(0.388235, 0.372549, 0.384314)
Part31.Position = Vector3.new(324.594849, -20.624073, -620.710876)
Part31.Orientation = Vector3.new(28.4099998, -29.9400005, -23.0699997)
Part31.Color = Color3.new(0.388235, 0.372549, 0.384314)
Part32.Parent = Folder2
Part32.Material = Enum.Material.Slate
Part32.BrickColor = BrickColor.new("Dark stone grey")
Part32.Rotation = Vector3.new(0, 33.9900017, 0)
Part32.Anchored = true
Part32.Locked = true
Part32.Shape = Enum.PartType.Ball
Part32.Size = Vector3.new(4, 4, 4)
Part32.CFrame = CFrame.new(342.989441, -9.65061569, -431.609558, 0.829101443, 0, 0.559098244, 0, 1, 0, -0.559098244, 0, 0.829101443)
Part32.BackSurface = Enum.SurfaceType.SmoothNoOutlines
Part32.BottomSurface = Enum.SurfaceType.SmoothNoOutlines
Part32.FrontSurface = Enum.SurfaceType.SmoothNoOutlines
Part32.LeftSurface = Enum.SurfaceType.SmoothNoOutlines
Part32.RightSurface = Enum.SurfaceType.SmoothNoOutlines
Part32.TopSurface = Enum.SurfaceType.SmoothNoOutlines
Part32.Color = Color3.new(0.388235, 0.372549, 0.384314)
Part32.Position = Vector3.new(342.989441, -9.65061569, -431.609558)
Part32.Orientation = Vector3.new(0, 33.9900017, 0)
Part32.Color = Color3.new(0.388235, 0.372549, 0.384314)
Part33.Parent = Folder2
Part33.Material = Enum.Material.Slate
Part33.BrickColor = BrickColor.new("Dark stone grey")
Part33.Rotation = Vector3.new(5, 4.36000013, 8.30000019)
Part33.Anchored = true
Part33.Locked = true
Part33.Shape = Enum.PartType.Ball
Part33.Size = Vector3.new(4, 4, 4)
Part33.CFrame = CFrame.new(325.554565, 12.4499855, -427.089203, 0.98666364, -0.143972248, 0.0759398937, 0.150383934, 0.984807789, -0.0868237764, -0.0622859783, 0.0970859975, 0.993325174)
Part33.BackSurface = Enum.SurfaceType.SmoothNoOutlines
Part33.BottomSurface = Enum.SurfaceType.SmoothNoOutlines
Part33.FrontSurface = Enum.SurfaceType.SmoothNoOutlines
Part33.LeftSurface = Enum.SurfaceType.SmoothNoOutlines
Part33.RightSurface = Enum.SurfaceType.SmoothNoOutlines
Part33.TopSurface = Enum.SurfaceType.SmoothNoOutlines
Part33.Color = Color3.new(0.388235, 0.372549, 0.384314)
Part33.Position = Vector3.new(325.554565, 12.4499855, -427.089203)
Part33.Orientation = Vector3.new(4.98000002, 4.36999989, 8.68000031)
Part33.Color = Color3.new(0.388235, 0.372549, 0.384314)
Part34.Parent = Folder2
Part34.Material = Enum.Material.Slate
Part34.BrickColor = BrickColor.new("Dark stone grey")
Part34.Rotation = Vector3.new(0, 33.9900017, 0)
Part34.Anchored = true
Part34.Locked = true
Part34.Size = Vector3.new(4.80000019, 3.60000014, 11.3999996)
Part34.CFrame = CFrame.new(388.43869, 34.1493607, -407.137909, 0.829101443, 0, 0.559098244, 0, 1, 0, -0.559098244, 0, 0.829101443)
Part34.BackSurface = Enum.SurfaceType.SmoothNoOutlines
Part34.BottomSurface = Enum.SurfaceType.SmoothNoOutlines
Part34.FrontSurface = Enum.SurfaceType.SmoothNoOutlines
Part34.LeftSurface = Enum.SurfaceType.SmoothNoOutlines
Part34.RightSurface = Enum.SurfaceType.SmoothNoOutlines
Part34.TopSurface = Enum.SurfaceType.SmoothNoOutlines
Part34.Color = Color3.new(0.388235, 0.372549, 0.384314)
Part34.Position = Vector3.new(388.43869, 34.1493607, -407.137909)
Part34.Orientation = Vector3.new(0, 33.9900017, 0)
Part34.Color = Color3.new(0.388235, 0.372549, 0.384314)
Part35.Parent = Folder2
Part35.Material = Enum.Material.Slate
Part35.BrickColor = BrickColor.new("Dark stone grey")
Part35.Rotation = Vector3.new(16.9599991, 11.0600004, 14.46)
Part35.Anchored = true
Part35.Locked = true
Part35.Size = Vector3.new(23.7999992, 34, 26.5999985)
Part35.CFrame = CFrame.new(481.406677, -14.8818521, -442.962097, 0.950344741, -0.245050907, 0.191820264, 0.293009937, 0.912244201, -0.286279112, -0.104833975, 0.328269035, 0.938748777)
Part35.BackSurface = Enum.SurfaceType.SmoothNoOutlines
Part35.BottomSurface = Enum.SurfaceType.SmoothNoOutlines
Part35.FrontSurface = Enum.SurfaceType.SmoothNoOutlines
Part35.LeftSurface = Enum.SurfaceType.SmoothNoOutlines
Part35.RightSurface = Enum.SurfaceType.SmoothNoOutlines
Part35.TopSurface = Enum.SurfaceType.SmoothNoOutlines
Part35.Color = Color3.new(0.388235, 0.372549, 0.384314)
Part35.Position = Vector3.new(481.406677, -14.8818521, -442.962097)
Part35.Orientation = Vector3.new(16.6399994, 11.5500002, 17.8099995)
Part35.Color = Color3.new(0.388235, 0.372549, 0.384314)
Part36.Parent = Folder2
Part36.Material = Enum.Material.Slate
Part36.BrickColor = BrickColor.new("Dark stone grey")
Part36.Rotation = Vector3.new(-24.7000008, -5.76999998, 6.53000021)
Part36.Anchored = true
Part36.Locked = true
Part36.Size = Vector3.new(23.7999992, 34, 26.5999985)
Part36.CFrame = CFrame.new(549.117371, -14.873148, -420.68045, 0.98847276, -0.113130778, -0.100613743, 0.145076975, 0.897815168, 0.415789217, 0.0432939902, -0.425593048, 0.90387845)
Part36.BackSurface = Enum.SurfaceType.SmoothNoOutlines
Part36.BottomSurface = Enum.SurfaceType.SmoothNoOutlines
Part36.FrontSurface = Enum.SurfaceType.SmoothNoOutlines
Part36.LeftSurface = Enum.SurfaceType.SmoothNoOutlines
Part36.RightSurface = Enum.SurfaceType.SmoothNoOutlines
Part36.TopSurface = Enum.SurfaceType.SmoothNoOutlines
Part36.Color = Color3.new(0.388235, 0.372549, 0.384314)
Part36.Position = Vector3.new(549.117371, -14.873148, -420.68045)
Part36.Orientation = Vector3.new(-24.5699997, -6.3499999, 9.18000031)
Part36.Color = Color3.new(0.388235, 0.372549, 0.384314)
Part37.Parent = Folder2
Part37.Material = Enum.Material.Slate
Part37.BrickColor = BrickColor.new("Dark stone grey")
Part37.Rotation = Vector3.new(-19.0200005, -19.6499996, 2.5999999)
Part37.Anchored = true
Part37.Locked = true
