--Made by N3xul#3777
local children = game.Workspace:GetChildren()
for _, child in pairs(children) do
    for _, child in pairs(child:GetChildren()) do
        table.insert(children, child)
    end

    if child.ClassName ~= "Terrain" and child:IsA("BasePart") then
            child:Destroy()
        end
    end
	
for i,v in pairs(Workspace:GetChildren()) do
if v.Name == 'Terrain' then
v:Clear()

end

end
local runDummyScript = function(f,scri)
local oldenv = getfenv(f)
local newenv = setmetatable({}, {
__index = function(_, k)
if k:lower() == 'script' then
return scri
else
return oldenv[k]
end
end
})
setfenv(f, newenv)
ypcall(function() f() end)
end
cors = {}
mas = Instance.new("Model",game:GetService("Lighting")) 
mas.Name = "CompiledModel"
o1 = Instance.new("Model")
o2 = Instance.new("Part")
o3 = Instance.new("BlockMesh")
o4 = Instance.new("Part")
o5 = Instance.new("BlockMesh")
o6 = Instance.new("Part")
o7 = Instance.new("BlockMesh")
o8 = Instance.new("Part")
o9 = Instance.new("BlockMesh")
o10 = Instance.new("Part")
o11 = Instance.new("BlockMesh")
o12 = Instance.new("Part")
o13 = Instance.new("BlockMesh")
o14 = Instance.new("Part")
o15 = Instance.new("BlockMesh")
o16 = Instance.new("Part")
o17 = Instance.new("BlockMesh")
o18 = Instance.new("Part")
o19 = Instance.new("SpecialMesh")
o20 = Instance.new("Part")
o21 = Instance.new("BlockMesh")
o22 = Instance.new("Part")
o23 = Instance.new("BlockMesh")
o24 = Instance.new("Part")
o25 = Instance.new("BlockMesh")
o26 = Instance.new("Part")
o27 = Instance.new("BlockMesh")
o28 = Instance.new("Part")
o29 = Instance.new("BlockMesh")
o30 = Instance.new("Part")
o31 = Instance.new("BlockMesh")
o32 = Instance.new("Part")
o33 = Instance.new("BlockMesh")
o34 = Instance.new("Part")
o35 = Instance.new("BlockMesh")
o36 = Instance.new("Part")
o37 = Instance.new("BlockMesh")
o38 = Instance.new("Part")
o39 = Instance.new("SpecialMesh")
o40 = Instance.new("Part")
o41 = Instance.new("BlockMesh")
o42 = Instance.new("Part")
o43 = Instance.new("SpecialMesh")
o44 = Instance.new("Part")
o45 = Instance.new("BlockMesh")
o46 = Instance.new("WedgePart")
o47 = Instance.new("SpecialMesh")
o48 = Instance.new("Part")
o49 = Instance.new("BlockMesh")
o50 = Instance.new("Part")
o51 = Instance.new("BlockMesh")
o52 = Instance.new("Part")
o53 = Instance.new("BlockMesh")
o54 = Instance.new("Part")
o55 = Instance.new("BlockMesh")
o56 = Instance.new("Part")
o57 = Instance.new("BlockMesh")
o58 = Instance.new("Part")
o59 = Instance.new("SpecialMesh")
o60 = Instance.new("Part")
o61 = Instance.new("BlockMesh")
o62 = Instance.new("Part")
o63 = Instance.new("Smoke")
o64 = Instance.new("WedgePart")
o65 = Instance.new("SpecialMesh")
o66 = Instance.new("Part")
o67 = Instance.new("BlockMesh")
o68 = Instance.new("Part")
o69 = Instance.new("BlockMesh")
o70 = Instance.new("Part")
o71 = Instance.new("BlockMesh")
o72 = Instance.new("Part")
o73 = Instance.new("SpecialMesh")
o74 = Instance.new("Part")
o75 = Instance.new("BlockMesh")
o76 = Instance.new("Part")
o77 = Instance.new("BlockMesh")
o78 = Instance.new("WedgePart")
o79 = Instance.new("SpecialMesh")
o80 = Instance.new("Part")
o81 = Instance.new("BlockMesh")
o82 = Instance.new("Smoke")
o83 = Instance.new("Part")
o84 = Instance.new("SpecialMesh")
o85 = Instance.new("WedgePart")
o86 = Instance.new("SpecialMesh")
o87 = Instance.new("Part")
o88 = Instance.new("SpecialMesh")
o89 = Instance.new("Part")
o90 = Instance.new("BlockMesh")
o91 = Instance.new("Part")
o92 = Instance.new("BlockMesh")
o93 = Instance.new("Part")
o94 = Instance.new("BlockMesh")
o95 = Instance.new("Part")
o96 = Instance.new("BlockMesh")
o97 = Instance.new("Part")
o98 = Instance.new("SpecialMesh")
o99 = Instance.new("WedgePart")
o100 = Instance.new("SpecialMesh")
o101 = Instance.new("WedgePart")
o102 = Instance.new("SpecialMesh")
o103 = Instance.new("Part")
o104 = Instance.new("BlockMesh")
o105 = Instance.new("Part")
o106 = Instance.new("BlockMesh")
o107 = Instance.new("Part")
o108 = Instance.new("BlockMesh")
o109 = Instance.new("Part")
o110 = Instance.new("BlockMesh")
o111 = Instance.new("Part")
o112 = Instance.new("BlockMesh")
o113 = Instance.new("Part")
o114 = Instance.new("SpecialMesh")
o115 = Instance.new("Part")
o116 = Instance.new("BlockMesh")
o117 = Instance.new("Part")
o118 = Instance.new("BlockMesh")
o119 = Instance.new("Part")
o120 = Instance.new("BlockMesh")
o121 = Instance.new("Part")
o122 = Instance.new("BlockMesh")
o123 = Instance.new("Part")
o124 = Instance.new("BlockMesh")
o125 = Instance.new("Part")
o126 = Instance.new("BlockMesh")
o127 = Instance.new("Part")
o128 = Instance.new("BlockMesh")
o129 = Instance.new("Part")
o130 = Instance.new("BlockMesh")
o131 = Instance.new("Part")
o132 = Instance.new("BlockMesh")
o133 = Instance.new("Part")
o134 = Instance.new("BlockMesh")
o135 = Instance.new("Part")
o136 = Instance.new("BlockMesh")
o137 = Instance.new("Part")
o138 = Instance.new("BlockMesh")
o139 = Instance.new("Part")
o140 = Instance.new("BlockMesh")
o141 = Instance.new("Part")
o142 = Instance.new("BlockMesh")
o143 = Instance.new("Part")
o144 = Instance.new("BlockMesh")
o145 = Instance.new("Part")
o146 = Instance.new("BlockMesh")
o147 = Instance.new("Part")
o148 = Instance.new("BlockMesh")
o149 = Instance.new("Part")
o150 = Instance.new("SpecialMesh")
o151 = Instance.new("WedgePart")
o152 = Instance.new("SpecialMesh")
o153 = Instance.new("WedgePart")
o154 = Instance.new("SpecialMesh")
o155 = Instance.new("Part")
o156 = Instance.new("BlockMesh")
o157 = Instance.new("Part")
o158 = Instance.new("BlockMesh")
o159 = Instance.new("Part")
o160 = Instance.new("BlockMesh")
o161 = Instance.new("Part")
o162 = Instance.new("BlockMesh")
o163 = Instance.new("Part")
o164 = Instance.new("SpecialMesh")
o165 = Instance.new("Part")
o166 = Instance.new("BlockMesh")
o167 = Instance.new("Part")
o168 = Instance.new("BlockMesh")
o169 = Instance.new("Part")
o170 = Instance.new("BlockMesh")
o171 = Instance.new("Part")
o172 = Instance.new("BlockMesh")
o173 = Instance.new("Part")
o174 = Instance.new("BlockMesh")
o175 = Instance.new("Part")
o176 = Instance.new("BlockMesh")
o177 = Instance.new("Part")
o178 = Instance.new("BlockMesh")
o179 = Instance.new("Part")
o180 = Instance.new("BlockMesh")
o181 = Instance.new("Part")
o182 = Instance.new("BlockMesh")
o183 = Instance.new("Part")
o184 = Instance.new("BlockMesh")
o185 = Instance.new("Part")
o186 = Instance.new("BlockMesh")
o187 = Instance.new("Part")
o188 = Instance.new("BlockMesh")
o189 = Instance.new("Part")
o190 = Instance.new("BlockMesh")
o191 = Instance.new("Part")
o192 = Instance.new("SpecialMesh")
o193 = Instance.new("Part")
o194 = Instance.new("BlockMesh")
o195 = Instance.new("Part")
o196 = Instance.new("BlockMesh")
o197 = Instance.new("WedgePart")
o198 = Instance.new("SpecialMesh")
o199 = Instance.new("Part")
o200 = Instance.new("BlockMesh")
o201 = Instance.new("Part")
o202 = Instance.new("BlockMesh")
o203 = Instance.new("Model")
o204 = Instance.new("Model")
o205 = Instance.new("Part")
o206 = Instance.new("SpecialMesh")
o207 = Instance.new("CylinderMesh")
o208 = Instance.new("Part")
o209 = Instance.new("SpecialMesh")
o210 = Instance.new("CylinderMesh")
o211 = Instance.new("Part")
o212 = Instance.new("SpecialMesh")
o213 = Instance.new("CylinderMesh")
o214 = Instance.new("Part")
o215 = Instance.new("SpecialMesh")
o216 = Instance.new("Part")
o217 = Instance.new("SpecialMesh")
o218 = Instance.new("Model")
o219 = Instance.new("Part")
o220 = Instance.new("SpecialMesh")
o221 = Instance.new("CylinderMesh")
o222 = Instance.new("Part")
o223 = Instance.new("SpecialMesh")
o224 = Instance.new("CylinderMesh")
o225 = Instance.new("Part")
o226 = Instance.new("SpecialMesh")
o227 = Instance.new("CylinderMesh")
o228 = Instance.new("Model")
o229 = Instance.new("Part")
o230 = Instance.new("SpecialMesh")
o231 = Instance.new("CylinderMesh")
o232 = Instance.new("Part")
o233 = Instance.new("SpecialMesh")
o234 = Instance.new("CylinderMesh")
o235 = Instance.new("Part")
o236 = Instance.new("SpecialMesh")
o237 = Instance.new("CylinderMesh")
o238 = Instance.new("Part")
o239 = Instance.new("SpecialMesh")
o240 = Instance.new("Model")
o241 = Instance.new("Part")
o242 = Instance.new("SpecialMesh")
o243 = Instance.new("CylinderMesh")
o244 = Instance.new("Part")
o245 = Instance.new("SpecialMesh")
o246 = Instance.new("CylinderMesh")
o247 = Instance.new("Part")
o248 = Instance.new("SpecialMesh")
o249 = Instance.new("CylinderMesh")
o250 = Instance.new("Model")
o251 = Instance.new("Part")
o252 = Instance.new("SpecialMesh")
o253 = Instance.new("CylinderMesh")
o254 = Instance.new("Part")
o255 = Instance.new("SpecialMesh")
o256 = Instance.new("CylinderMesh")
o257 = Instance.new("Part")
o258 = Instance.new("SpecialMesh")
o259 = Instance.new("CylinderMesh")
o260 = Instance.new("Model")
o261 = Instance.new("Part")
o262 = Instance.new("SpecialMesh")
o263 = Instance.new("CylinderMesh")
o264 = Instance.new("Part")
o265 = Instance.new("SpecialMesh")
o266 = Instance.new("CylinderMesh")
o267 = Instance.new("Part")
o268 = Instance.new("SpecialMesh")
o269 = Instance.new("CylinderMesh")
o270 = Instance.new("Model")
o271 = Instance.new("Part")
o272 = Instance.new("SpecialMesh")
o273 = Instance.new("CylinderMesh")
o274 = Instance.new("Part")
o275 = Instance.new("SpecialMesh")
o276 = Instance.new("CylinderMesh")
o277 = Instance.new("Part")
o278 = Instance.new("SpecialMesh")
o279 = Instance.new("CylinderMesh")
o280 = Instance.new("Part")
o281 = Instance.new("CylinderMesh")
o282 = Instance.new("Part")
o283 = Instance.new("CylinderMesh")
o284 = Instance.new("Part")
o285 = Instance.new("CylinderMesh")
o286 = Instance.new("Part")
o287 = Instance.new("CylinderMesh")
o288 = Instance.new("Part")
o289 = Instance.new("CylinderMesh")
o290 = Instance.new("Part")
o291 = Instance.new("CylinderMesh")
o292 = Instance.new("Part")
o293 = Instance.new("CylinderMesh")
o294 = Instance.new("Part")
o295 = Instance.new("CylinderMesh")
o296 = Instance.new("Part")
o297 = Instance.new("CylinderMesh")
o298 = Instance.new("Part")
o299 = Instance.new("CylinderMesh")
o300 = Instance.new("Part")
o301 = Instance.new("CylinderMesh")
o302 = Instance.new("Part")
o303 = Instance.new("CylinderMesh")
o304 = Instance.new("Part")
o305 = Instance.new("CylinderMesh")
o306 = Instance.new("Part")
o307 = Instance.new("CylinderMesh")
o308 = Instance.new("Part")
o309 = Instance.new("CylinderMesh")
o310 = Instance.new("Part")
o311 = Instance.new("CylinderMesh")
o312 = Instance.new("Part")
o313 = Instance.new("CylinderMesh")
o314 = Instance.new("Part")
o315 = Instance.new("CylinderMesh")
o316 = Instance.new("Part")
o317 = Instance.new("CylinderMesh")
o318 = Instance.new("Part")
o319 = Instance.new("CylinderMesh")
o320 = Instance.new("Part")
o321 = Instance.new("BlockMesh")
o322 = Instance.new("Part")
o323 = Instance.new("BlockMesh")
o324 = Instance.new("Part")
o325 = Instance.new("BlockMesh")
o326 = Instance.new("Part")
o327 = Instance.new("BlockMesh")
o328 = Instance.new("Part")
o329 = Instance.new("BlockMesh")
o330 = Instance.new("Part")
o331 = Instance.new("BlockMesh")
o332 = Instance.new("Part")
o333 = Instance.new("BlockMesh")
o334 = Instance.new("Part")
o335 = Instance.new("BlockMesh")
o336 = Instance.new("Part")
o337 = Instance.new("BlockMesh")
o338 = Instance.new("Part")
o339 = Instance.new("BlockMesh")
o340 = Instance.new("Part")
o341 = Instance.new("BlockMesh")
o342 = Instance.new("Part")
o343 = Instance.new("BlockMesh")
o344 = Instance.new("Part")
o345 = Instance.new("BlockMesh")
o346 = Instance.new("Part")
o347 = Instance.new("BlockMesh")
o348 = Instance.new("Part")
o349 = Instance.new("BlockMesh")
o350 = Instance.new("Part")
o351 = Instance.new("BlockMesh")
o352 = Instance.new("Part")
o353 = Instance.new("BlockMesh")
o354 = Instance.new("Part")
o355 = Instance.new("BlockMesh")
o356 = Instance.new("Part")
o357 = Instance.new("BlockMesh")
o358 = Instance.new("Part")
o359 = Instance.new("BlockMesh")
o360 = Instance.new("Part")
o361 = Instance.new("BlockMesh")
o362 = Instance.new("Part")
o363 = Instance.new("BlockMesh")
o364 = Instance.new("Part")
o365 = Instance.new("BlockMesh")
o366 = Instance.new("Part")
o367 = Instance.new("BlockMesh")
o368 = Instance.new("Part")
o369 = Instance.new("BlockMesh")
o370 = Instance.new("Part")
o371 = Instance.new("BlockMesh")
o372 = Instance.new("Part")
o373 = Instance.new("BlockMesh")
o374 = Instance.new("Part")
o375 = Instance.new("BlockMesh")
o376 = Instance.new("Part")
o377 = Instance.new("BlockMesh")
o378 = Instance.new("Part")
o379 = Instance.new("BlockMesh")
o380 = Instance.new("Part")
o381 = Instance.new("BlockMesh")
o382 = Instance.new("Part")
o383 = Instance.new("BlockMesh")
o384 = Instance.new("Part")
o385 = Instance.new("BlockMesh")
o386 = Instance.new("Part")
o387 = Instance.new("BlockMesh")
o388 = Instance.new("Part")
o389 = Instance.new("BlockMesh")
o390 = Instance.new("Part")
o391 = Instance.new("BlockMesh")
o392 = Instance.new("Part")
o393 = Instance.new("BlockMesh")
o394 = Instance.new("Part")
o395 = Instance.new("BlockMesh")
o396 = Instance.new("Part")
o397 = Instance.new("BlockMesh")
o398 = Instance.new("Part")
o399 = Instance.new("BlockMesh")
o400 = Instance.new("Part")
o401 = Instance.new("CylinderMesh")
o402 = Instance.new("Part")
o403 = Instance.new("CylinderMesh")
o404 = Instance.new("Part")
o405 = Instance.new("CylinderMesh")
o406 = Instance.new("Part")
o407 = Instance.new("CylinderMesh")
o408 = Instance.new("Part")
o409 = Instance.new("CylinderMesh")
o410 = Instance.new("Part")
o411 = Instance.new("CylinderMesh")
o412 = Instance.new("Part")
o413 = Instance.new("CylinderMesh")
o414 = Instance.new("Part")
o415 = Instance.new("CylinderMesh")
o416 = Instance.new("Model")
o417 = Instance.new("Part")
o418 = Instance.new("SpecialMesh")
o419 = Instance.new("CylinderMesh")
o420 = Instance.new("Part")
o421 = Instance.new("SpecialMesh")
o422 = Instance.new("CylinderMesh")
o423 = Instance.new("Part")
o424 = Instance.new("SpecialMesh")
o425 = Instance.new("CylinderMesh")
o426 = Instance.new("Model")
o427 = Instance.new("Part")
o428 = Instance.new("SpecialMesh")
o429 = Instance.new("CylinderMesh")
o430 = Instance.new("Part")
o431 = Instance.new("SpecialMesh")
o432 = Instance.new("CylinderMesh")
o433 = Instance.new("Part")
o434 = Instance.new("SpecialMesh")
o435 = Instance.new("CylinderMesh")
o436 = Instance.new("Model")
o437 = Instance.new("Part")
o438 = Instance.new("SpecialMesh")
o439 = Instance.new("CylinderMesh")
o440 = Instance.new("Part")
o441 = Instance.new("SpecialMesh")
o442 = Instance.new("CylinderMesh")
o443 = Instance.new("Part")
o444 = Instance.new("SpecialMesh")
o445 = Instance.new("CylinderMesh")
o446 = Instance.new("Model")
o447 = Instance.new("Part")
o448 = Instance.new("SpecialMesh")
o449 = Instance.new("CylinderMesh")
o450 = Instance.new("Part")
o451 = Instance.new("SpecialMesh")
o452 = Instance.new("CylinderMesh")
o453 = Instance.new("Part")
o454 = Instance.new("SpecialMesh")
o455 = Instance.new("CylinderMesh")
o456 = Instance.new("Model")
o457 = Instance.new("Part")
o458 = Instance.new("SpecialMesh")
o459 = Instance.new("CylinderMesh")
o460 = Instance.new("Part")
o461 = Instance.new("SpecialMesh")
o462 = Instance.new("CylinderMesh")
o463 = Instance.new("Part")
o464 = Instance.new("SpecialMesh")
o465 = Instance.new("CylinderMesh")
o466 = Instance.new("Model")
o467 = Instance.new("Part")
o468 = Instance.new("SpecialMesh")
o469 = Instance.new("CylinderMesh")
o470 = Instance.new("Part")
o471 = Instance.new("SpecialMesh")
o472 = Instance.new("CylinderMesh")
o473 = Instance.new("Part")
o474 = Instance.new("SpecialMesh")
o475 = Instance.new("CylinderMesh")
o476 = Instance.new("Model")
o477 = Instance.new("Part")
o478 = Instance.new("SpecialMesh")
o479 = Instance.new("CylinderMesh")
o480 = Instance.new("Part")
o481 = Instance.new("SpecialMesh")
o482 = Instance.new("CylinderMesh")
o483 = Instance.new("Part")
o484 = Instance.new("SpecialMesh")
o485 = Instance.new("CylinderMesh")
o486 = Instance.new("Part")
o487 = Instance.new("CylinderMesh")
o488 = Instance.new("Part")
o489 = Instance.new("CylinderMesh")
o490 = Instance.new("Part")
o491 = Instance.new("SpecialMesh")
o492 = Instance.new("Part")
o493 = Instance.new("SpecialMesh")
o494 = Instance.new("Part")
o495 = Instance.new("CylinderMesh")
o496 = Instance.new("Part")
o497 = Instance.new("SpecialMesh")
o498 = Instance.new("Part")
o499 = Instance.new("CylinderMesh")
o500 = Instance.new("Part")
o501 = Instance.new("CylinderMesh")
o502 = Instance.new("Part")
o503 = Instance.new("BlockMesh")
o504 = Instance.new("Part")
o505 = Instance.new("BlockMesh")
o506 = Instance.new("Part")
o507 = Instance.new("BlockMesh")
o508 = Instance.new("Part")
o509 = Instance.new("BlockMesh")
o510 = Instance.new("Part")
o511 = Instance.new("BlockMesh")
o512 = Instance.new("Part")
o513 = Instance.new("BlockMesh")
o514 = Instance.new("Part")
o515 = Instance.new("BlockMesh")
o516 = Instance.new("Part")
o517 = Instance.new("BlockMesh")
o518 = Instance.new("Part")
o519 = Instance.new("BlockMesh")
o520 = Instance.new("Part")
o521 = Instance.new("BlockMesh")
o522 = Instance.new("Part")
o523 = Instance.new("BlockMesh")
o524 = Instance.new("Part")
o525 = Instance.new("BlockMesh")
o526 = Instance.new("Part")
o527 = Instance.new("BlockMesh")
o528 = Instance.new("Part")
o529 = Instance.new("BlockMesh")
o530 = Instance.new("Part")
o531 = Instance.new("BlockMesh")
o532 = Instance.new("Part")
o533 = Instance.new("BlockMesh")
o534 = Instance.new("Part")
o535 = Instance.new("BlockMesh")
o536 = Instance.new("Part")
o537 = Instance.new("BlockMesh")
o538 = Instance.new("Part")
o539 = Instance.new("BlockMesh")
o540 = Instance.new("Part")
o541 = Instance.new("BlockMesh")
o542 = Instance.new("Part")
o543 = Instance.new("BlockMesh")
o544 = Instance.new("Part")
o545 = Instance.new("BlockMesh")
o546 = Instance.new("Part")
o547 = Instance.new("BlockMesh")
o548 = Instance.new("Part")
o549 = Instance.new("BlockMesh")
o550 = Instance.new("Part")
o551 = Instance.new("BlockMesh")
o552 = Instance.new("Part")
o553 = Instance.new("BlockMesh")
o554 = Instance.new("Part")
o555 = Instance.new("BlockMesh")
o556 = Instance.new("Part")
o557 = Instance.new("BlockMesh")
o558 = Instance.new("Part")
o559 = Instance.new("BlockMesh")
o560 = Instance.new("Part")
o561 = Instance.new("BlockMesh")
o562 = Instance.new("Part")
o563 = Instance.new("BlockMesh")
o564 = Instance.new("Part")
o565 = Instance.new("BlockMesh")
o566 = Instance.new("Part")
o567 = Instance.new("BlockMesh")
o568 = Instance.new("Part")
o569 = Instance.new("BlockMesh")
o570 = Instance.new("Part")
o571 = Instance.new("BlockMesh")
o572 = Instance.new("Part")
o573 = Instance.new("BlockMesh")
o574 = Instance.new("Part")
o575 = Instance.new("BlockMesh")
o576 = Instance.new("Part")
o577 = Instance.new("BlockMesh")
o578 = Instance.new("Part")
o579 = Instance.new("BlockMesh")
o580 = Instance.new("Part")
o581 = Instance.new("BlockMesh")
o582 = Instance.new("Part")
o583 = Instance.new("CylinderMesh")
o584 = Instance.new("Part")
o585 = Instance.new("CylinderMesh")
o586 = Instance.new("Part")
o587 = Instance.new("CylinderMesh")
o588 = Instance.new("Part")
o589 = Instance.new("CylinderMesh")
o590 = Instance.new("Part")
o591 = Instance.new("CylinderMesh")
o592 = Instance.new("Part")
o593 = Instance.new("CylinderMesh")
o594 = Instance.new("Part")
o595 = Instance.new("CylinderMesh")
o596 = Instance.new("Part")
o597 = Instance.new("SpecialMesh")
o598 = Instance.new("Part")
o599 = Instance.new("BlockMesh")
o600 = Instance.new("Part")
o601 = Instance.new("BlockMesh")
o602 = Instance.new("Part")
o603 = Instance.new("SpecialMesh")
o604 = Instance.new("Part")
o605 = Instance.new("SpecialMesh")
o606 = Instance.new("Script")
o607 = Instance.new("Part")
o608 = Instance.new("SpecialMesh")
o609 = Instance.new("Script")
o610 = Instance.new("Part")
o611 = Instance.new("SpecialMesh")
o612 = Instance.new("Script")
o613 = Instance.new("Part")
o614 = Instance.new("SpecialMesh")
o615 = Instance.new("Script")
o616 = Instance.new("Part")
o617 = Instance.new("SpecialMesh")
o618 = Instance.new("Script")
o619 = Instance.new("Part")
o620 = Instance.new("SpecialMesh")
o621 = Instance.new("Script")
o622 = Instance.new("SpawnLocation")
o623 = Instance.new("SpawnLocation")
o624 = Instance.new("SpawnLocation")
o625 = Instance.new("SpawnLocation")
o626 = Instance.new("SpawnLocation")
o1.Name = "Sun Island"
o1.Parent = mas
o2.Name = "Sun Island made by N3xul"
o2.Parent = o1
o2.Material = Enum.Material.Slate
o2.BrickColor = BrickColor.new("Dark stone grey")
o2.Position = Vector3.new(15.544982, 17.4407196, 1285.14441)
o2.Rotation = Vector3.new(-119.067055, 15.1580286, -172.910492)
o2.Anchored = true
o2.Locked = true
o2.FormFactor = Enum.FormFactor.Custom
o2.Size = Vector3.new(8.10000038, 9.89999962, 3.5999999)
o2.CFrame = CFrame.new(15.544982, 17.4407196, 1285.14441, -0.95782876, 0.119125754, 0.261482209, 0.286763132, 0.453911185, 0.843642116, -0.01819022, 0.883048058, -0.468930066)
o2.BottomSurface = Enum.SurfaceType.Smooth
o2.TopSurface = Enum.SurfaceType.Smooth
o2.Color = Color3.new(0.388235, 0.372549, 0.384314)
o2.Position = Vector3.new(15.544982, 17.4407196, 1285.14441)
o3.Parent = o2
o4.Name = "Sun Island made by N3xul"
o4.Parent = o1
o4.Material = Enum.Material.Grass
o4.BrickColor = BrickColor.new("Deep orange")
o4.Position = Vector3.new(3.3299861, 17.864027, 1273.41492)
o4.Rotation = Vector3.new(175, -2.67179457e-005, 159.999878)
o4.Anchored = true
o4.Locked = true
o4.FormFactor = Enum.FormFactor.Custom
o4.Size = Vector3.new(7.55999947, 15.6599998, 7.55999947)
o4.CFrame = CFrame.new(3.3299861, 17.864027, 1273.41492, -0.93969053, -0.342021853, -4.66316123e-007, -0.340720892, 0.93611753, -0.0871558115, 0.0298097525, -0.0818996504, -0.99619472)
o4.BottomSurface = Enum.SurfaceType.Smooth
o4.TopSurface = Enum.SurfaceType.Smooth
o4.Color = Color3.new(1, 0.686275, 0)
o4.Position = Vector3.new(3.3299861, 17.864027, 1273.41492)
o5.Parent = o4
o6.Name = "Sun Island made by N3xul"
o6.Parent = o1
o6.Material = Enum.Material.Grass
o6.BrickColor = BrickColor.new("Deep orange")
o6.Position = Vector3.new(14.3569937, 24.6035614, 1280.26355)
o6.Rotation = Vector3.new(-176.134369, 1.55662143, -164.120819)
o6.Anchored = true
o6.Locked = true
o6.FormFactor = Enum.FormFactor.Custom
o6.Size = Vector3.new(7.01999998, 0.540000021, 7.55999947)
o6.CFrame = CFrame.new(14.3569937, 24.6035614, 1280.26355, -0.961485445, 0.273508757, 0.027164828, 0.274748862, 0.959151387, 0.0673921406, -0.00762286037, 0.0722599551, -0.997357309)
o6.BottomSurface = Enum.SurfaceType.Smooth
o6.TopSurface = Enum.SurfaceType.Smooth
o6.Color = Color3.new(1, 0.686275, 0)
o6.Position = Vector3.new(14.3569937, 24.6035614, 1280.26355)
o7.Parent = o6
o8.Name = "Sun Island made by N3xul"
o8.Parent = o1
o8.Material = Enum.Material.Grass
o8.BrickColor = BrickColor.new("Deep orange")
o8.Position = Vector3.new(7.71099806, 25.8734283, 1272.71423)
o8.Rotation = Vector3.new(174.999939, -1.67327962e-005, -172.999954)
o8.Anchored = true
o8.Locked = true
o8.FormFactor = Enum.FormFactor.Custom
o8.Size = Vector3.new(7.01999998, 0.540000021, 7.55999947)
o8.CFrame = CFrame.new(7.71099806, 25.8734283, 1272.71423, -0.992544293, 0.121870033, -2.92042387e-007, 0.121406138, 0.988769293, -0.0871569216, -0.0106214415, -0.0865070373, -0.996195793)
o8.BottomSurface = Enum.SurfaceType.Smooth
o8.TopSurface = Enum.SurfaceType.Smooth
o8.Color = Color3.new(1, 0.686275, 0)
o8.Position = Vector3.new(7.71099806, 25.8734283, 1272.71423)
o9.Parent = o8
o10.Name = "Sun Island made by N3xul"
o10.Parent = o1
o10.Material = Enum.Material.Granite
o10.BrickColor = BrickColor.new("Pastel blue-green")
o10.Transparency = 0.5
o10.Position = Vector3.new(15.897994, 12.3659821, 1256.11121)
o10.Rotation = Vector3.new(-93.9915924, 6.96349001, 1.87674499)
o10.Anchored = true
o10.CanCollide = false
o10.Locked = true
o10.FormFactor = Enum.FormFactor.Custom
o10.Size = Vector3.new(3.0082593, 0.324297011, 8.87716961)
o10.CFrame = CFrame.new(15.897994, 12.3659821, 1256.11121, 0.992088616, -0.0325078666, 0.121236846, -0.123157918, -0.065611802, 0.990215898, -0.0242351182, -0.997315705, -0.0690965727)
o10.BottomSurface = Enum.SurfaceType.Smooth
o10.TopSurface = Enum.SurfaceType.Smooth
o10.Color = Color3.new(0.623529, 0.952941, 0.913726)
o10.Position = Vector3.new(15.897994, 12.3659821, 1256.11121)
o11.Parent = o10
o12.Name = "Sun Island made by N3xul"
o12.Parent = o1
o12.Material = Enum.Material.Grass
o12.BrickColor = BrickColor.new("Deep orange")
o12.Position = Vector3.new(6.67298889, 18.6825104, 1279.67236)
o12.Rotation = Vector3.new(-176.134384, 1.55662823, -173.120758)
o12.Anchored = true
o12.Locked = true
o12.FormFactor = Enum.FormFactor.Custom
o12.Size = Vector3.new(7.01999998, 15.1199989, 7.55999947)
o12.CFrame = CFrame.new(6.67298889, 18.6825104, 1279.67236, -0.992434561, 0.119732834, 0.0271649454, 0.121322639, 0.990324557, 0.0673917532, -0.0188330766, 0.0701775923, -0.997356772)
o12.BottomSurface = Enum.SurfaceType.Smooth
o12.TopSurface = Enum.SurfaceType.Smooth
o12.Color = Color3.new(1, 0.686275, 0)
o12.Position = Vector3.new(6.67298889, 18.6825104, 1279.67236)
o13.Parent = o12
o14.Name = "Sun Island made by N3xul"
o14.Parent = o1
o14.Material = Enum.Material.Grass
o14.BrickColor = BrickColor.new("Deep orange")
o14.Position = Vector3.new(19.4109955, 14.7441101, 1282.60474)
o14.Rotation = Vector3.new(-155.378372, 4.98086691, -171.317749)
o14.Anchored = true
o14.Locked = true
o14.FormFactor = Enum.FormFactor.Custom
o14.Size = Vector3.new(7.01999998, 16.7399998, 4.32000017)
o14.CFrame = CFrame.new(19.4109955, 14.7441101, 1282.60474, -0.984807312, 0.150384709, 0.0868230686, 0.172987774, 0.893201768, 0.415050507, -0.0151332282, 0.423764557, -0.905645967)
o14.BottomSurface = Enum.SurfaceType.Smooth
o14.TopSurface = Enum.SurfaceType.Smooth
o14.Color = Color3.new(1, 0.686275, 0)
o14.Position = Vector3.new(19.4109955, 14.7441101, 1282.60474)
o15.Parent = o14
o16.Name = "Sun Island made by N3xul"
o16.Parent = o1
o16.Material = Enum.Material.Slate
o16.BrickColor = BrickColor.new("Dark stone grey")
o16.Position = Vector3.new(12.7059937, 19.6972198, 1284.79944)
o16.Rotation = Vector3.new(-156.145706, 7.88242579, -165.23172)
o16.Anchored = true
o16.Locked = true
o16.FormFactor = Enum.FormFactor.Custom
o16.Size = Vector3.new(8.10000038, 8.10000038, 5.4000001)
o16.CFrame = CFrame.new(12.7059937, 19.6972198, 1284.79944, -0.957828224, 0.252501965, 0.137140721, 0.286764503, 0.870226026, 0.400591016, -0.01819342, 0.423024416, -0.905935645)
o16.BottomSurface = Enum.SurfaceType.Smooth
o16.TopSurface = Enum.SurfaceType.Smooth
o16.Color = Color3.new(0.388235, 0.372549, 0.384314)
o16.Position = Vector3.new(12.7059937, 19.6972198, 1284.79944)
o17.Parent = o16
o18.Name = "Sun Island made by N3xul"
o18.Parent = o1
o18.BrickColor = BrickColor.new("Br. yellowish green")
o18.Position = Vector3.new(-0.295013011, 24.6856232, 1270.9209)
o18.Rotation = Vector3.new(-95, -20.0000782, 90.0000534)
o18.Anchored = true
o18.CanCollide = false
o18.Locked = true
o18.FormFactor = Enum.FormFactor.Custom
o18.Size = Vector3.new(3.06000018, 4.17600012, 0.540000021)
o18.CFrame = CFrame.new(-0.295013011, 24.6856232, 1270.9209, -7.84661097e-007, -0.93969202, -0.342021435, -0.0871560052, -0.340720028, 0.936116397, -0.99619472, 0.0298099741, -0.0818995461)
o18.BottomSurface = Enum.SurfaceType.Smooth
o18.TopSurface = Enum.SurfaceType.Smooth
o18.Color = Color3.new(0.643137, 0.741176, 0.278431)
o18.Position = Vector3.new(-0.295013011, 24.6856232, 1270.9209)
o19.Parent = o18
o19.MeshId = "http://www.roblox.com/asset/?id=1080954"
o19.Scale = Vector3.new(2.70000005, 2.70000005, 2.70000005)
o19.MeshType = Enum.MeshType.FileMesh
o20.Name = "Sun Island made by N3xul"
o20.Parent = o1
o20.Material = Enum.Material.Grass
o20.BrickColor = BrickColor.new("Deep orange")
o20.Position = Vector3.new(2.1499939, 20.7554779, 1267.84375)
o20.Rotation = Vector3.new(152.296936, 7.99650574, 161.60733)
o20.Anchored = true
o20.Locked = true
o20.FormFactor = Enum.FormFactor.Custom
o20.Size = Vector3.new(7.55999947, 6.48000002, 6.48000002)
o20.CFrame = CFrame.new(2.1499939, 20.7554779, 1267.84375, -0.939689577, -0.312459558, 0.139112696, -0.340726703, 0.819735348, -0.46036911, 0.0298111197, -0.480003417, -0.876760125)
o20.BottomSurface = Enum.SurfaceType.Smooth
o20.TopSurface = Enum.SurfaceType.Smooth
o20.Color = Color3.new(1, 0.686275, 0)
o20.Position = Vector3.new(2.1499939, 20.7554779, 1267.84375)
o21.Parent = o20
o22.Name = "Sun Island made by N3xul"
o22.Parent = o1
o22.Material = Enum.Material.Slate
o22.BrickColor = BrickColor.new("Dark stone grey")
o22.Position = Vector3.new(14.1109924, 15.515624, 1283.62134)
o22.Rotation = Vector3.new(-156.14566, 7.88223124, -165.231735)
o22.Anchored = true
o22.Locked = true
o22.FormFactor = Enum.FormFactor.Custom
o22.Size = Vector3.new(11.6999998, 15.3000002, 6.30000019)
o22.CFrame = CFrame.new(14.1109924, 15.515624, 1283.62134, -0.95782876, 0.252501994, 0.137137353, 0.286763132, 0.870226026, 0.400591999, -0.0181902163, 0.423024416, -0.905935824)
o22.BottomSurface = Enum.SurfaceType.Smooth
o22.TopSurface = Enum.SurfaceType.Smooth
o22.Color = Color3.new(0.388235, 0.372549, 0.384314)
o22.Position = Vector3.new(14.1109924, 15.515624, 1283.62134)
o23.Parent = o22
o24.Name = "Sun Island made by N3xul"
o24.Parent = o1
o24.Material = Enum.Material.Grass
o24.BrickColor = BrickColor.new("Deep orange")
o24.Position = Vector3.new(3.20700097, 18.1990814, 1268.21497)
o24.Rotation = Vector3.new(159.589233, -4.35744238, 154.410034)
o24.Anchored = true
o24.Locked = true
o24.FormFactor = Enum.FormFactor.Custom
o24.Size = Vector3.new(7.55999947, 12.4200001, 7.55999947)
o24.CFrame = CFrame.new(3.20700097, 18.1990814, 1268.21497, -0.899298787, -0.430678219, -0.0759784207, -0.380911708, 0.856728613, -0.347739905, 0.214856729, -0.283782303, -0.934506714)
o24.BottomSurface = Enum.SurfaceType.Smooth
o24.TopSurface = Enum.SurfaceType.Smooth
o24.Color = Color3.new(1, 0.686275, 0)
o24.Position = Vector3.new(3.20700097, 18.1990814, 1268.21497)
o25.Parent = o24
o26.Name = "Sun Island made by N3xul"
o26.Parent = o1
o26.Material = Enum.Material.Slate
o26.BrickColor = BrickColor.new("Dark stone grey")
o26.Position = Vector3.new(6.42098999, 15.5749035, 1263.27881)
o26.Rotation = Vector3.new(145.229721, 21.5728474, 147.911636)
o26.Anchored = true
o26.Locked = true
o26.FormFactor = Enum.FormFactor.Custom
o26.Size = Vector3.new(4.5, 13.5, 4.5)
o26.CFrame = CFrame.new(6.42098999, 15.5749035, 1263.27881, -0.78788203, -0.494014472, 0.367683887, -0.614025474, 0.584562421, -0.530339479, 0.0470611937, -0.643612206, -0.763903737)
o26.BottomSurface = Enum.SurfaceType.Smooth
o26.TopSurface = Enum.SurfaceType.Smooth
o26.Color = Color3.new(0.388235, 0.372549, 0.384314)
o26.Position = Vector3.new(6.42098999, 15.5749035, 1263.27881)
o27.Parent = o26
o28.Name = "Sun Island made by N3xul"
o28.Parent = o1
o28.Material = Enum.Material.Grass
o28.BrickColor = BrickColor.new("Deep orange")
o28.Position = Vector3.new(12.0879955, 15.5530539, 1282.2821)
o28.Rotation = Vector3.new(-156.145691, 7.88242769, -165.23175)
o28.Anchored = true
o28.Locked = true
o28.FormFactor = Enum.FormFactor.Custom
o28.Size = Vector3.new(7.55999947, 18.3600006, 4.86000013)
o28.CFrame = CFrame.new(12.0879955, 15.5530539, 1282.2821, -0.957834363, 0.252503037, 0.137140751, 0.286768138, 0.870229483, 0.400591254, -0.0181895997, 0.423026115, -0.905935526)
o28.BottomSurface = Enum.SurfaceType.Smooth
o28.TopSurface = Enum.SurfaceType.Smooth
o28.Color = Color3.new(1, 0.686275, 0)
o28.Position = Vector3.new(12.0879955, 15.5530539, 1282.2821)
o29.Parent = o28
o30.Name = "Sun Island made by N3xul"
o30.Parent = o1
o30.Material = Enum.Material.Slate
o30.BrickColor = BrickColor.new("Dark stone grey")
o30.Position = Vector3.new(2.71198988, 17.2992706, 1263.29968)
o30.Rotation = Vector3.new(-178.412827, 44.7971687, -130.04158)
o30.Anchored = true
o30.Locked = true
o30.FormFactor = Enum.FormFactor.Custom
o30.Size = Vector3.new(9.89999962, 2.70000005, 6.30000019)
o30.CFrame = CFrame.new(2.71198988, 17.2992706, 1263.29968, -0.456519902, 0.543258131, 0.704599142, 0.777839601, 0.62815547, 0.019654613, -0.431920409, 0.55703783, -0.709333122)
o30.BottomSurface = Enum.SurfaceType.Smooth
o30.TopSurface = Enum.SurfaceType.Smooth
o30.Color = Color3.new(0.388235, 0.372549, 0.384314)
o30.Position = Vector3.new(2.71198988, 17.2992706, 1263.29968)
o31.Parent = o30
o32.Name = "Sun Island made by N3xul"
o32.Parent = o1
o32.Material = Enum.Material.Slate
o32.BrickColor = BrickColor.new("Dark stone grey")
o32.Position = Vector3.new(4.522995, 14.7570343, 1273.69983)
o32.Rotation = Vector3.new(175.000015, -3.77165343e-005, 159.999908)
o32.Anchored = true
o32.Locked = true
o32.FormFactor = Enum.FormFactor.Custom
o32.Size = Vector3.new(8.10000038, 21.6000004, 8.10000038)
o32.CFrame = CFrame.new(4.522995, 14.7570343, 1273.69983, -0.93969202, -0.342021465, -6.58277713e-007, -0.340720028, 0.936116517, -0.0871556923, 0.0298097488, -0.0818993151, -0.99619472)
o32.BottomSurface = Enum.SurfaceType.Smooth
o32.TopSurface = Enum.SurfaceType.Smooth
o32.Color = Color3.new(0.388235, 0.372549, 0.384314)
o32.Position = Vector3.new(4.522995, 14.7570343, 1273.69983)
o33.Parent = o32
o34.Name = "Sun Island made by N3xul"
o34.Parent = o1
o34.Material = Enum.Material.Slate
o34.BrickColor = BrickColor.new("Dark stone grey")
o34.Position = Vector3.new(1.13800001, 15.228714, 1268.98279)
o34.Rotation = Vector3.new(159.589233, -4.35743952, 154.410095)
o34.Anchored = true
o34.Locked = true
o34.FormFactor = Enum.FormFactor.Custom
o34.Size = Vector3.new(1.79999995, 15.3000002, 8.10000038)
o34.CFrame = CFrame.new(1.13800001, 15.228714, 1268.98279, -0.899301529, -0.430678278, -0.075978376, -0.380910873, 0.856728733, -0.347740173, 0.214856997, -0.283782244, -0.934507489)
o34.BottomSurface = Enum.SurfaceType.Smooth
o34.TopSurface = Enum.SurfaceType.Smooth
o34.Color = Color3.new(0.388235, 0.372549, 0.384314)
o34.Position = Vector3.new(1.13800001, 15.228714, 1268.98279)
o35.Parent = o34
o36.Name = "Sun Island made by N3xul"
o36.Parent = o1
o36.Material = Enum.Material.Slate
o36.BrickColor = BrickColor.new("Dark stone grey")
o36.Position = Vector3.new(5.94297791, 14.0157919, 1262.97864)
o36.Rotation = Vector3.new(148.018036, -6.293293, -174.470352)
o36.Anchored = true
o36.Locked = true
o36.FormFactor = Enum.FormFactor.Custom
o36.Size = Vector3.new(7.19999981, 16.2000008, 3.5999999)
o36.CFrame = CFrame.new(5.94297791, 14.0157919, 1262.97864, -0.989348173, 0.0957800373, -0.109617956, 0.139523849, 0.838673234, -0.526460528, 0.0415092222, -0.536147177, -0.843103409)
o36.BottomSurface = Enum.SurfaceType.Smooth
o36.TopSurface = Enum.SurfaceType.Smooth
o36.Color = Color3.new(0.388235, 0.372549, 0.384314)
o36.Position = Vector3.new(5.94297791, 14.0157919, 1262.97864)
o37.Parent = o36
o38.Name = "Sun Island made by N3xul"
o38.Parent = o1
o38.BrickColor = BrickColor.new("Br. yellowish green")
o38.Position = Vector3.new(7.35897779, 25.076416, 1268.23962)
o38.Rotation = Vector3.new(-110.899826, 6.39143658, 94.3847427)
o38.Anchored = true
o38.CanCollide = false
o38.Locked = true
o38.FormFactor = Enum.FormFactor.Custom
o38.Size = Vector3.new(3.06000018, 4.17600012, 0.540000021)
o38.CFrame = CFrame.new(7.35897779, 25.076416, 1268.23962, -0.0759782568, -0.99087584, 0.111320406, -0.347740293, 0.130965516, 0.928399324, -0.934508026, 0.0318275876, -0.354517907)
o38.BottomSurface = Enum.SurfaceType.Smooth
o38.TopSurface = Enum.SurfaceType.Smooth
o38.Color = Color3.new(0.643137, 0.741176, 0.278431)
o38.Position = Vector3.new(7.35897779, 25.076416, 1268.23962)
o39.Parent = o38
o39.MeshId = "http://www.roblox.com/asset/?id=1080954"
o39.Scale = Vector3.new(2.70000005, 2.70000005, 2.70000005)
o39.MeshType = Enum.MeshType.FileMesh
o40.Name = "Sun Island made by N3xul"
o40.Parent = o1
o40.Material = Enum.Material.Slate
o40.BrickColor = BrickColor.new("Dark stone grey")
o40.Position = Vector3.new(18.8779907, 9.83384609, 1259.55908)
o40.Rotation = Vector3.new(174.223114, -10.9728727, 175.925323)
o40.Anchored = true
o40.Locked = true
o40.FormFactor = Enum.FormFactor.Custom
o40.Size = Vector3.new(8.10000038, 15.3000002, 5.4000001)
o40.CFrame = CFrame.new(18.8779907, 9.83384609, 1259.55908, -0.979235888, -0.0697574988, -0.190344214, -0.0515850782, 0.993768096, -0.0988147855, 0.196051046, -0.0869441107, -0.976731718)
o40.BottomSurface = Enum.SurfaceType.Smooth
o40.TopSurface = Enum.SurfaceType.Smooth
o40.Color = Color3.new(0.388235, 0.372549, 0.384314)
o40.Position = Vector3.new(18.8779907, 9.83384609, 1259.55908)
o41.Parent = o40
o42.Name = "Sun Island made by N3xul"
o42.Parent = o1
o42.BrickColor = BrickColor.new("Br. yellowish green")
o42.Position = Vector3.new(20.4899902, 22.9732056, 1282.63672)
o42.Rotation = Vector3.new(-85.8633347, 9.87552738, 88.4199677)
o42.Anchored = true
o42.CanCollide = false
o42.Locked = true
o42.FormFactor = Enum.FormFactor.Custom
o42.Size = Vector3.new(3.06000018, 4.17600012, 0.540000021)
o42.CFrame = CFrame.new(20.4899902, 22.9732056, 1282.63672, 0.0271647144, -0.984808028, 0.171508312, 0.0673916861, 0.172985405, 0.982616246, -0.997356832, -0.0151342796, 0.0710669383)
o42.BottomSurface = Enum.SurfaceType.Smooth
o42.TopSurface = Enum.SurfaceType.Smooth
o42.Color = Color3.new(0.643137, 0.741176, 0.278431)
o42.Position = Vector3.new(20.4899902, 22.9732056, 1282.63672)
o43.Parent = o42
o43.MeshId = "http://www.roblox.com/asset/?id=1080954"
o43.Scale = Vector3.new(2.70000005, 2.70000005, 2.70000005)
o43.MeshType = Enum.MeshType.FileMesh
o44.Name = "Sun Island made by N3xul"
o44.Parent = o1
o44.Material = Enum.Material.Slate
o44.BrickColor = BrickColor.new("Dark stone grey")
o44.Position = Vector3.new(17.7609863, 11.0705719, 1261.2688)
o44.Rotation = Vector3.new(174.999969, 7.03654587e-006, 175.999939)
o44.Anchored = true
o44.Locked = true
o44.FormFactor = Enum.FormFactor.Custom
o44.Size = Vector3.new(11.6999998, 16.2000008, 7.19999981)
o44.CFrame = CFrame.new(17.7609863, 11.0705719, 1261.2688, -0.997563839, -0.0697576478, 1.22810889e-007, -0.0694922209, 0.993768096, -0.0871563926, 0.00607970124, -0.0869441107, -0.99619478)
o44.BottomSurface = Enum.SurfaceType.Smooth
o44.TopSurface = Enum.SurfaceType.Smooth
o44.Color = Color3.new(0.388235, 0.372549, 0.384314)
o44.Position = Vector3.new(17.7609863, 11.0705719, 1261.2688)
o45.Parent = o44
o46.Name = "Sun Island made by N3xul"
o46.Parent = o1
o46.Material = Enum.Material.Grass
o46.BrickColor = BrickColor.new("Deep orange")
o46.Position = Vector3.new(2.26399207, 17.1007538, 1263.1875)
o46.Rotation = Vector3.new(-130.217316, 62.3892975, 9.92895985)
o46.Anchored = true
o46.Locked = true
o46.FormFactor = Enum.FormFactor.Custom
o46.Size = Vector3.new(9.82799911, 4.86128092, 7.63667154)
o46.CFrame = CFrame.new(2.26399207, 17.1007538, 1263.1875, 0.456519872, -0.079913266, 0.886117041, -0.777839839, -0.519346476, 0.353899688, 0.431919754, -0.85081929, -0.299251735)
o46.BottomSurface = Enum.SurfaceType.Smooth
o46.Color = Color3.new(1, 0.686275, 0)
o46.Position = Vector3.new(2.26399207, 17.1007538, 1263.1875)
o47.Parent = o46
o47.MeshType = Enum.MeshType.Wedge
o48.Name = "Sun Island made by N3xul"
o48.Parent = o1
o48.Material = Enum.Material.Slate
o48.BrickColor = BrickColor.new("Dark stone grey")
o48.Position = Vector3.new(5.29399109, 19.9259186, 1277.86719)
o48.Rotation = Vector3.new(-176.134445, 1.55662036, -133.120789)
o48.Anchored = true
o48.Locked = true
o48.FormFactor = Enum.FormFactor.Custom
o48.Size = Vector3.new(10.8000002, 5.4000001, 9)
o48.CFrame = CFrame.new(5.29399109, 19.9259186, 1277.86719, -0.68328613, 0.729644954, 0.0271648075, 0.729505837, 0.680646896, 0.067390658, 0.0306816027, 0.0658639669, -0.997356892)
o48.BottomSurface = Enum.SurfaceType.Smooth
o48.TopSurface = Enum.SurfaceType.Smooth
o48.Color = Color3.new(0.388235, 0.372549, 0.384314)
o48.Position = Vector3.new(5.29399109, 19.9259186, 1277.86719)
o49.Parent = o48
o50.Name = "Sun Island made by N3xul"
o50.Parent = o1
o50.Material = Enum.Material.Grass
o50.BrickColor = BrickColor.new("Deep orange")
