--Vuxul is a skid
local children = game.Workspace:GetChildren()
for _, child in pairs(children) do
    for _, child in pairs(child:GetChildren()) do
        table.insert(children, child)
    end

    if child.ClassName ~= "Terrain" and child:IsA("BasePart") then
            child:Destroy()
        end
    end
	
for i,v in pairs(Workspace:GetChildren()) do
if v.Name == 'Terrain' then
v:Clear()

end

end
	
for i,v in pairs(Workspace:GetChildren()) do
if v.Name == 'Terrain' then
v:Clear()

end

end


game:GetService("Lighting").Ambient = Color3.new(0, 0, 0)
game:GetService("Lighting").Brightness = 1
game:GetService("Lighting").ColorShift_Bottom = Color3.new(0, 0, 0)
game:GetService("Lighting").ColorShift_Top = Color3.new(0, 0, 0)
game:GetService("Lighting").GlobalShadows = true
game:GetService("Lighting").OutdoorAmbient = Color3.new(0.552941, 0, 0.737255)
game:GetService("Lighting").Outlines = false
game:GetService("Lighting").GeographicLatitude = 41.733299255371
game:GetService("Lighting").TimeOfDay = "14:00:00"
game:GetService("Lighting").FogColor = Color3.new(0.75, 0.75, 0.75)
game:GetService("Lighting").FogEnd = 100000
game:GetService("Lighting").FogStart = 0

local runDummyScript = function(f,scri)
local oldenv = getfenv(f)
local newenv = setmetatable({}, {
__index = function(_, k)
if k:lower() == 'script' then
return scri
else
return oldenv[k]
end
end
})
setfenv(f, newenv)
ypcall(function() f() end)
end
cors = {}
mas = Instance.new("Model",game:GetService("Lighting")) 
mas.Name = "CompiledModel"
o3 = Instance.new("SpawnLocation")
o4 = Instance.new("Decal")
o5 = Instance.new("Model")
o6 = Instance.new("Model")
o7 = Instance.new("Script")
o16 = Instance.new("Part")
o17 = Instance.new("BlockMesh")
o18 = Instance.new("Part")
o19 = Instance.new("BlockMesh")
o20 = Instance.new("Smoke")
o21 = Instance.new("Part")
o22 = Instance.new("Part")
o23 = Instance.new("Part")
o24 = Instance.new("Part")
o25 = Instance.new("Part")
o26 = Instance.new("Part")
o27 = Instance.new("Part")
o28 = Instance.new("Part")
o29 = Instance.new("Part")
o30 = Instance.new("Part")
o31 = Instance.new("Part")
o32 = Instance.new("Part")
o33 = Instance.new("Part")
o34 = Instance.new("Part")
o35 = Instance.new("Part")
o36 = Instance.new("Part")
o37 = Instance.new("Part")
o38 = Instance.new("Part")
o39 = Instance.new("Part")
o40 = Instance.new("Part")
o41 = Instance.new("Part")
o42 = Instance.new("Part")
o43 = Instance.new("Part")
o44 = Instance.new("Part")
o45 = Instance.new("Part")
o46 = Instance.new("Part")
o47 = Instance.new("Part")
o48 = Instance.new("Part")
o49 = Instance.new("Part")
o50 = Instance.new("Part")
o51 = Instance.new("Part")
o52 = Instance.new("Part")
o53 = Instance.new("Part")
o54 = Instance.new("Part")
o55 = Instance.new("Part")
o56 = Instance.new("Part")
o57 = Instance.new("Part")
o58 = Instance.new("Part")
o59 = Instance.new("Part")
o60 = Instance.new("Part")
o61 = Instance.new("Part")
o62 = Instance.new("Part")
o63 = Instance.new("Part")
o64 = Instance.new("Part")
o65 = Instance.new("Part")
o66 = Instance.new("Part")
o67 = Instance.new("Part")
o68 = Instance.new("Part")
o69 = Instance.new("Part")
o70 = Instance.new("Part")
o71 = Instance.new("Part")
o72 = Instance.new("Part")
o73 = Instance.new("Part")
o74 = Instance.new("Part")
o75 = Instance.new("Part")
o76 = Instance.new("Part")
o77 = Instance.new("Part")
o78 = Instance.new("Part")
o79 = Instance.new("Part")
o80 = Instance.new("Part")
o81 = Instance.new("Part")
o82 = Instance.new("Part")
o83 = Instance.new("Part")
o84 = Instance.new("Part")
o85 = Instance.new("Part")
o86 = Instance.new("Part")
o87 = Instance.new("Part")
o88 = Instance.new("Part")
o89 = Instance.new("Part")
o90 = Instance.new("Part")
o91 = Instance.new("Part")
o92 = Instance.new("Part")
o93 = Instance.new("Part")
o94 = Instance.new("Part")
o95 = Instance.new("Part")
o96 = Instance.new("Part")
o97 = Instance.new("Part")
o98 = Instance.new("Part")
o99 = Instance.new("Part")
o100 = Instance.new("Part")
o101 = Instance.new("Part")
o102 = Instance.new("Part")
o103 = Instance.new("Part")
o104 = Instance.new("Part")
o105 = Instance.new("Part")
o106 = Instance.new("Part")
o107 = Instance.new("Part")
o108 = Instance.new("Part")
o109 = Instance.new("Part")
o110 = Instance.new("Part")
o111 = Instance.new("Part")
o112 = Instance.new("Part")
o113 = Instance.new("Part")
o114 = Instance.new("Part")
o115 = Instance.new("Part")
o116 = Instance.new("Part")
o117 = Instance.new("Part")
o118 = Instance.new("Part")
o119 = Instance.new("Part")
o120 = Instance.new("Part")
o121 = Instance.new("Part")
o122 = Instance.new("Part")
o123 = Instance.new("Part")
o124 = Instance.new("Part")
o125 = Instance.new("Part")
o126 = Instance.new("Part")
o127 = Instance.new("Part")
o128 = Instance.new("Part")
o129 = Instance.new("Part")
o130 = Instance.new("Part")
o131 = Instance.new("Part")
o132 = Instance.new("Part")
o133 = Instance.new("Part")
o134 = Instance.new("Part")
o135 = Instance.new("Part")
o136 = Instance.new("Part")
o137 = Instance.new("Part")
o138 = Instance.new("Part")
o139 = Instance.new("ParticleEmitter")
o140 = Instance.new("PointLight")
o141 = Instance.new("Part")
o142 = Instance.new("Part")
o143 = Instance.new("Part")
o144 = Instance.new("Part")
o145 = Instance.new("Part")
o146 = Instance.new("Part")
o147 = Instance.new("Part")
o148 = Instance.new("Part")
o149 = Instance.new("Part")
o150 = Instance.new("Part")
o151 = Instance.new("Part")
o152 = Instance.new("Part")
o153 = Instance.new("Part")
o154 = Instance.new("Part")
o155 = Instance.new("Part")
o156 = Instance.new("Part")
o157 = Instance.new("Part")
o158 = Instance.new("Part")
o159 = Instance.new("Part")
o160 = Instance.new("Part")
o161 = Instance.new("Part")
o162 = Instance.new("Part")
o163 = Instance.new("Part")
o164 = Instance.new("Part")
o165 = Instance.new("Part")
o166 = Instance.new("Part")
o167 = Instance.new("Part")
o168 = Instance.new("Part")
o169 = Instance.new("Part")
o170 = Instance.new("Part")
o171 = Instance.new("Part")
o172 = Instance.new("Part")
o173 = Instance.new("Part")
o174 = Instance.new("Part")
o175 = Instance.new("Part")
o176 = Instance.new("Part")
o177 = Instance.new("Part")
o178 = Instance.new("Part")
o179 = Instance.new("Part")
o180 = Instance.new("Part")
o181 = Instance.new("Part")
o182 = Instance.new("Part")
o183 = Instance.new("Part")
o184 = Instance.new("Part")
o185 = Instance.new("Part")
o186 = Instance.new("Part")
o187 = Instance.new("Part")
o188 = Instance.new("Part")
o189 = Instance.new("Part")
o190 = Instance.new("Part")
o191 = Instance.new("Part")
o192 = Instance.new("Part")
o193 = Instance.new("Part")
o194 = Instance.new("Part")
o195 = Instance.new("Part")
o196 = Instance.new("Part")
o197 = Instance.new("Part")
o198 = Instance.new("Part")
o199 = Instance.new("Part")
o200 = Instance.new("Part")
o201 = Instance.new("Part")
o202 = Instance.new("Part")
o203 = Instance.new("Part")
o204 = Instance.new("Part")
o205 = Instance.new("Part")
o206 = Instance.new("Part")
o207 = Instance.new("Part")
o208 = Instance.new("Part")
o209 = Instance.new("Part")
o210 = Instance.new("Part")
o211 = Instance.new("Part")
o212 = Instance.new("PointLight")
o213 = Instance.new("Part")
o214 = Instance.new("Part")
o215 = Instance.new("Part")
o216 = Instance.new("Part")
o217 = Instance.new("Part")
o218 = Instance.new("Part")
o219 = Instance.new("PointLight")
o220 = Instance.new("Part")
o221 = Instance.new("Part")
o222 = Instance.new("Part")
o223 = Instance.new("Part")
o224 = Instance.new("Part")
o225 = Instance.new("Part")
o226 = Instance.new("Part")
o227 = Instance.new("Part")
o228 = Instance.new("Part")
o229 = Instance.new("Part")
o230 = Instance.new("Part")
o231 = Instance.new("Part")
o232 = Instance.new("Part")
o233 = Instance.new("Part")
o234 = Instance.new("Part")
o235 = Instance.new("Part")
o236 = Instance.new("Part")
o237 = Instance.new("Part")
o238 = Instance.new("Part")
o239 = Instance.new("ParticleEmitter")
o240 = Instance.new("Part")
o241 = Instance.new("ParticleEmitter")
o242 = Instance.new("Part")
o243 = Instance.new("ParticleEmitter")
o244 = Instance.new("Part")
o245 = Instance.new("ParticleEmitter")
o246 = Instance.new("Part")
o247 = Instance.new("ParticleEmitter")
o248 = Instance.new("Part")
o249 = Instance.new("ParticleEmitter")
o250 = Instance.new("Part")
o251 = Instance.new("ParticleEmitter")
o252 = Instance.new("Part")
o253 = Instance.new("ParticleEmitter")
o254 = Instance.new("Part")
o255 = Instance.new("ParticleEmitter")
o256 = Instance.new("WedgePart")
o257 = Instance.new("IntValue")
o258 = Instance.new("IntValue")
o259 = Instance.new("Part")
o260 = Instance.new("ParticleEmitter")
o261 = Instance.new("StringValue")
o262 = Instance.new("IntValue")
o263 = Instance.new("IntValue")
o264 = Instance.new("IntValue")
o265 = Instance.new("NumberValue")
o267 = Instance.new("Part")
o268 = Instance.new("ParticleEmitter")
o269 = Instance.new("ParticleEmitter")
o270 = Instance.new("ParticleEmitter")
o271 = Instance.new("ParticleEmitter")
o272 = Instance.new("ParticleEmitter")
o273 = Instance.new("SpawnLocation")
o274 = Instance.new("Decal")
o275 = Instance.new("SpawnLocation")
o276 = Instance.new("Decal")
o277 = Instance.new("Part")
o278 = Instance.new("SpecialMesh")
o279 = Instance.new("SpecialMesh")
o3.Parent = mas
o3.Transparency = 1
o3.Position = Vector3.new(98.6023712, 24.5057487, -209.402969)
o3.Anchored = true
o3.Size = Vector3.new(5, 1, 6)
o3.CFrame = CFrame.new(98.6023712, 24.5057487, -209.402969, 1, 0, 0, 0, 1, 0, 0, 0, 1)
o3.TopSurface = Enum.SurfaceType.Smooth
o3.Position = Vector3.new(98.6023712, 24.5057487, -209.402969)
o4.Parent = o3
o4.Transparency = 1
o4.Texture = "rbxasset://textures/SpawnLocation.png"
o4.Face = Enum.NormalId.Top
o5.Name = "Environment's Sorcery"
o5.Parent = mas
o6.Parent = o5
o7.Name = "MoneyScript"
o7.Parent = o6
table.insert(cors,coroutine.create(function()
wait()
runDummyScript(function()
local count = 0
script.Parent.Lava.Touched:connect(function(hit)
	if hit:FindFirstChild("Cash") and hit:FindFirstChild("Tag") == nil then
		pcall(function()
			count = count + 1
			if count >= 100 then
				count = 0
				local owner = game.Players:FindFirstChild(script.Parent.Parent.Parent.Owner.Value)
				if owner then
					game.PointsService:AwardPoints(owner.userId,1)
				end
			end
			local tag = Instance.new("BoolValue",hit)
			tag.Name = "Tag"
			hit.Material = "Slate"
			hit.BrickColor=BrickColor.new("Dark stone grey")
			wait(0.08)
			hit.BrickColor=BrickColor.new("Black")
			wait(0.08)
			hit.BrickColor=BrickColor.new("Really black")
			wait(0.08)
			local owner = game.Players:FindFirstChild(script.Parent.Parent.Parent.Owner.Value)
			local cash = game.ServerStorage.MoneyStorage:FindFirstChild(owner.Name)
			if hit and hit:FindFirstChild("Cash") and owner then 
				if cash and hit.Cash.Value > -10000 then
					cash.Value = cash.Value + math.floor(hit.Cash.Value)
				end
			end
		end)
		hit:Destroy()
	end
end)
end,o7)
end))
o16.Name = "Lava"
o16.Parent = o6
o16.Material = Enum.Material.Neon
o16.BrickColor = BrickColor.new("Royal purple")
o16.Transparency = 0.5
o16.Position = Vector3.new(113.36602, 8.17600632, -197.657364)
o16.Rotation = Vector3.new(180, 0.0199999996, -179.98999)
o16.Anchored = true
o16.CanCollide = false
o16.FormFactor = Enum.FormFactor.Custom
o16.Size = Vector3.new(15.2130661, 3.04261327, 15.2130661)
o16.CFrame = CFrame.new(113.36602, 8.17600632, -197.657364, -0.999996185, 9.64477586e-05, 0.000293251273, 9.64320279e-05, 1, -5.20706562e-05, -0.000293252611, -5.20414578e-05, -1.00000739)
o16.BackSurface = Enum.SurfaceType.SmoothNoOutlines
o16.BottomSurface = Enum.SurfaceType.SmoothNoOutlines
o16.FrontSurface = Enum.SurfaceType.SmoothNoOutlines
o16.LeftSurface = Enum.SurfaceType.SmoothNoOutlines
o16.RightSurface = Enum.SurfaceType.SmoothNoOutlines
o16.TopSurface = Enum.SurfaceType.SmoothNoOutlines
o16.Color = Color3.new(0.313726, 0.121569, 0.670588)
o16.Position = Vector3.new(113.36602, 8.17600632, -197.657364)
o16.Orientation = Vector3.new(0, 179.979996, 0.00999999978)
o16.Color = Color3.new(0.313726, 0.121569, 0.670588)
o17.Parent = o16
o17.Scale = Vector3.new(0.949999988, 0.699999988, 0.949999988)
o17.Scale = Vector3.new(0.949999988, 0.699999988, 0.949999988)
o18.Name = "MiniLava"
o18.Parent = o6
o18.Material = Enum.Material.Neon
o18.BrickColor = BrickColor.new("Dark indigo")
o18.Reflectance = 0.5
o18.Position = Vector3.new(113.365891, 7.54212952, -197.657364)
o18.Rotation = Vector3.new(180, 0.0199999996, -179.98999)
o18.Anchored = true
o18.CanCollide = false
o18.FormFactor = Enum.FormFactor.Custom
o18.Size = Vector3.new(15.2130661, 1.77485788, 15.2130661)
o18.CFrame = CFrame.new(113.365891, 7.54212952, -197.657364, -0.999996185, 9.64477586e-05, 0.000293251273, 9.64320279e-05, 1, -5.20706562e-05, -0.000293252611, -5.20414578e-05, -1.00000739)
o18.BackSurface = Enum.SurfaceType.SmoothNoOutlines
o18.BottomSurface = Enum.SurfaceType.SmoothNoOutlines
o18.FrontSurface = Enum.SurfaceType.SmoothNoOutlines
o18.LeftSurface = Enum.SurfaceType.SmoothNoOutlines
o18.RightSurface = Enum.SurfaceType.SmoothNoOutlines
o18.TopSurface = Enum.SurfaceType.SmoothNoOutlines
o18.Color = Color3.new(0.239216, 0.0823529, 0.521569)
o18.Position = Vector3.new(113.365891, 7.54212952, -197.657364)
o18.Orientation = Vector3.new(0, 179.979996, 0.00999999978)
o18.Color = Color3.new(0.239216, 0.0823529, 0.521569)
o19.Parent = o18
o19.Scale = Vector3.new(0.949999988, 0.699999988, 0.949999988)
o19.Scale = Vector3.new(0.949999988, 0.699999988, 0.949999988)
o20.Parent = o18
o20.Color = Color3.new(0.168627, 0, 0.490196)
o20.Opacity = 0.050000000745058
o20.RiseVelocity = 5
o20.Color = Color3.new(0.168627, 0, 0.490196)
o21.Name = "PArt"
o21.Parent = o6
o21.Material = Enum.Material.Neon
o21.BrickColor = BrickColor.new("Royal purple")
o21.Transparency = 0.5
o21.Position = Vector3.new(86.6190033, 21.2332726, -195.248215)
o21.Rotation = Vector3.new(180, 0.0199999996, -179.98999)
o21.Anchored = true
o21.CanCollide = false
o21.FormFactor = Enum.FormFactor.Custom
o21.Size = Vector3.new(18.5092278, 2.78906226, 36.2578087)
o21.CFrame = CFrame.new(86.6190033, 21.2332726, -195.248215, -0.999996185, 9.64477586e-05, 0.000293251273, 9.64320279e-05, 1, -5.20706562e-05, -0.000293252611, -5.20414578e-05, -1.00000739)
o21.BackSurface = Enum.SurfaceType.SmoothNoOutlines
o21.BottomSurface = Enum.SurfaceType.SmoothNoOutlines
o21.FrontSurface = Enum.SurfaceType.SmoothNoOutlines
o21.LeftSurface = Enum.SurfaceType.SmoothNoOutlines
o21.RightSurface = Enum.SurfaceType.SmoothNoOutlines
o21.TopSurface = Enum.SurfaceType.SmoothNoOutlines
o21.Color = Color3.new(0.313726, 0.121569, 0.670588)
o21.Position = Vector3.new(86.6190033, 21.2332726, -195.248215)
o21.Orientation = Vector3.new(0, 179.979996, 0.00999999978)
o21.Color = Color3.new(0.313726, 0.121569, 0.670588)
o22.Name = "PArt"
o22.Parent = o6
o22.Material = Enum.Material.Neon
o22.BrickColor = BrickColor.new("Royal purple")
o22.Transparency = 0.40000000596046
o22.Position = Vector3.new(74.3754807, 25.1544914, -198.72583)
o22.Rotation = Vector3.new(180, 5, 180)
o22.Anchored = true
o22.CanCollide = false
o22.FormFactor = Enum.FormFactor.Custom
o22.Size = Vector3.new(6.33878183, 13.1846523, 3.04262662)
o22.CFrame = CFrame.new(74.3754807, 25.1544914, -198.72583, -0.996194601, -1.01881697e-05, 0.0871462002, -1.34624806e-05, 1, -3.69846821e-05, -0.0871465355, -3.80171477e-05, -0.996194601)
o22.BackSurface = Enum.SurfaceType.SmoothNoOutlines
o22.BottomSurface = Enum.SurfaceType.SmoothNoOutlines
o22.FrontSurface = Enum.SurfaceType.SmoothNoOutlines
o22.LeftSurface = Enum.SurfaceType.SmoothNoOutlines
o22.RightSurface = Enum.SurfaceType.SmoothNoOutlines
o22.TopSurface = Enum.SurfaceType.SmoothNoOutlines
o22.Color = Color3.new(0.313726, 0.121569, 0.670588)
o22.Position = Vector3.new(74.3754807, 25.1544914, -198.72583)
o22.Orientation = Vector3.new(0, 175, 0)
o22.Color = Color3.new(0.313726, 0.121569, 0.670588)
o23.Name = "PArt"
o23.Parent = o6
o23.Material = Enum.Material.Neon
o23.BrickColor = BrickColor.new("Royal purple")
o23.Transparency = 0.40000000596046
o23.Position = Vector3.new(70.409874, 34.9162292, -197.036987)
o23.Rotation = Vector3.new(180, -15, 180)
o23.Anchored = true
o23.CanCollide = false
o23.FormFactor = Enum.FormFactor.Custom
o23.Size = Vector3.new(10.3955975, 11.4097958, 4.05683136)
o23.CFrame = CFrame.new(70.409874, 34.9162292, -197.036987, -0.965921462, -1.01869118e-05, -0.258820713, -3.92901711e-10, 1, -3.9360697e-05, 0.258823603, -3.80183628e-05, -0.96593231)
o23.BackSurface = Enum.SurfaceType.SmoothNoOutlines
o23.BottomSurface = Enum.SurfaceType.SmoothNoOutlines
o23.FrontSurface = Enum.SurfaceType.SmoothNoOutlines
o23.LeftSurface = Enum.SurfaceType.SmoothNoOutlines
o23.RightSurface = Enum.SurfaceType.SmoothNoOutlines
o23.TopSurface = Enum.SurfaceType.SmoothNoOutlines
o23.Color = Color3.new(0.313726, 0.121569, 0.670588)
o23.Position = Vector3.new(70.409874, 34.9162292, -197.036987)
o23.Orientation = Vector3.new(0, -165, 0)
o23.Color = Color3.new(0.313726, 0.121569, 0.670588)
o24.Name = "PArt"
o24.Parent = o6
o24.Material = Enum.Material.Neon
o24.BrickColor = BrickColor.new("Royal purple")
o24.Transparency = 0.5
o24.Position = Vector3.new(98.6086349, 16.8703251, -202.29628)
o24.Rotation = Vector3.new(-180, 0, -165)
o24.Anchored = true
o24.CanCollide = false
o24.FormFactor = Enum.FormFactor.Custom
o24.Size = Vector3.new(17.2414761, 7.09942722, 12.4239969)
o24.CFrame = CFrame.new(98.6086349, 16.8703251, -202.29628, -0.965903342, 0.258902997, -1.27255259e-06, 0.258902997, 0.965903342, 1.23347661e-07, 1.2610974e-06, -2.10325823e-07, -1)
o24.BackSurface = Enum.SurfaceType.SmoothNoOutlines
o24.BottomSurface = Enum.SurfaceType.SmoothNoOutlines
o24.FrontSurface = Enum.SurfaceType.SmoothNoOutlines
o24.LeftSurface = Enum.SurfaceType.SmoothNoOutlines
o24.RightSurface = Enum.SurfaceType.SmoothNoOutlines
o24.TopSurface = Enum.SurfaceType.SmoothNoOutlines
o24.Color = Color3.new(0.313726, 0.121569, 0.670588)
o24.Position = Vector3.new(98.6086349, 16.8703251, -202.29628)
o24.Orientation = Vector3.new(0, -180, 15)
o24.Color = Color3.new(0.313726, 0.121569, 0.670588)
o25.Name = "PArt"
o25.Parent = o6
o25.Material = Enum.Material.Neon
o25.BrickColor = BrickColor.new("Royal purple")
o25.Transparency = 0.40000000596046
o25.Position = Vector3.new(76.3520355, 25.0277596, -198.043945)
o25.Rotation = Vector3.new(180, 5, 180)
o25.Anchored = true
o25.CanCollide = false
o25.FormFactor = Enum.FormFactor.Custom
o25.Size = Vector3.new(10.3955975, 11.4097958, 4.05683136)
o25.CFrame = CFrame.new(76.3520355, 25.0277596, -198.043945, -0.996194601, -1.01881697e-05, 0.0871462002, -1.34624806e-05, 1, -3.69846821e-05, -0.0871465355, -3.80171477e-05, -0.996194601)
o25.BackSurface = Enum.SurfaceType.SmoothNoOutlines
o25.BottomSurface = Enum.SurfaceType.SmoothNoOutlines
o25.FrontSurface = Enum.SurfaceType.SmoothNoOutlines
o25.LeftSurface = Enum.SurfaceType.SmoothNoOutlines
o25.RightSurface = Enum.SurfaceType.SmoothNoOutlines
o25.TopSurface = Enum.SurfaceType.SmoothNoOutlines
o25.Color = Color3.new(0.313726, 0.121569, 0.670588)
o25.Position = Vector3.new(76.3520355, 25.0277596, -198.043945)
o25.Orientation = Vector3.new(0, 175, 0)
o25.Color = Color3.new(0.313726, 0.121569, 0.670588)
o26.Name = "PArt"
o26.Parent = o6
o26.Material = Enum.Material.Neon
o26.BrickColor = BrickColor.new("Royal purple")
o26.Transparency = 0.5
o26.Position = Vector3.new(106.101212, 11.6616745, -201.778931)
o26.Rotation = Vector3.new(176.029999, 14.4799995, -109.489998)
o26.Anchored = true
o26.CanCollide = false
o26.FormFactor = Enum.FormFactor.Custom
o26.Size = Vector3.new(12.1704521, 8.24040699, 11.5365725)
o26.CFrame = CFrame.new(106.101212, 11.6616745, -201.778931, -0.323059708, 0.912764192, 0.249991804, 0.934656978, 0.349164039, -0.0670200288, -0.148461491, 0.212005317, -0.965925574)
o26.BackSurface = Enum.SurfaceType.SmoothNoOutlines
o26.BottomSurface = Enum.SurfaceType.SmoothNoOutlines
o26.FrontSurface = Enum.SurfaceType.SmoothNoOutlines
o26.LeftSurface = Enum.SurfaceType.SmoothNoOutlines
o26.RightSurface = Enum.SurfaceType.SmoothNoOutlines
o26.TopSurface = Enum.SurfaceType.SmoothNoOutlines
o26.Color = Color3.new(0.313726, 0.121569, 0.670588)
o26.Position = Vector3.new(106.101212, 11.6616745, -201.778931)
o26.Orientation = Vector3.new(3.83999991, 165.48999, 69.5199966)
o26.Color = Color3.new(0.313726, 0.121569, 0.670588)
o27.Name = "PArt"
o27.Parent = o6
o27.Material = Enum.Material.Neon
o27.BrickColor = BrickColor.new("Royal purple")
o27.Transparency = 0.40000000596046
o27.Position = Vector3.new(69.0628662, 41.8888931, -196.676178)
o27.Rotation = Vector3.new(180, -15, 180)
o27.Anchored = true
o27.CanCollide = false
o27.FormFactor = Enum.FormFactor.Custom
o27.Size = Vector3.new(7.60653687, 6.08522606, 4.05683136)
o27.CFrame = CFrame.new(69.0628662, 41.8888931, -196.676178, -0.965921462, -1.01869118e-05, -0.258820713, -3.92901711e-10, 1, -3.9360697e-05, 0.258823603, -3.80183628e-05, -0.96593231)
o27.BackSurface = Enum.SurfaceType.SmoothNoOutlines
o27.BottomSurface = Enum.SurfaceType.SmoothNoOutlines
o27.FrontSurface = Enum.SurfaceType.SmoothNoOutlines
o27.LeftSurface = Enum.SurfaceType.SmoothNoOutlines
o27.RightSurface = Enum.SurfaceType.SmoothNoOutlines
o27.TopSurface = Enum.SurfaceType.SmoothNoOutlines
o27.Color = Color3.new(0.313726, 0.121569, 0.670588)
o27.Position = Vector3.new(69.0628662, 41.8888931, -196.676178)
o27.Orientation = Vector3.new(0, -165, 0)
o27.Color = Color3.new(0.313726, 0.121569, 0.670588)
o28.Parent = o6
o28.Material = Enum.Material.Granite
o28.BrickColor = BrickColor.new("Dark indigo")
o28.Position = Vector3.new(94.1001663, 22.5435638, -233.359344)
o28.Rotation = Vector3.new(-5, 45, 0)
o28.Anchored = true
o28.Size = Vector3.new(16.2531986, 22.4835987, 1.35443342)
o28.CFrame = CFrame.new(94.1001663, 22.5435638, -233.359344, 0.707106948, -4.05663371e-07, 0.70710659, -0.0616279915, 0.99619472, 0.0616285875, -0.704415917, -0.0871555656, 0.704416215)
o28.BackSurface = Enum.SurfaceType.SmoothNoOutlines
o28.BottomSurface = Enum.SurfaceType.SmoothNoOutlines
o28.FrontSurface = Enum.SurfaceType.SmoothNoOutlines
o28.LeftSurface = Enum.SurfaceType.SmoothNoOutlines
o28.RightSurface = Enum.SurfaceType.SmoothNoOutlines
o28.TopSurface = Enum.SurfaceType.SmoothNoOutlines
o28.Color = Color3.new(0.2, 0.0627451, 0.541176)
o28.Position = Vector3.new(94.1001663, 22.5435638, -233.359344)
o28.Orientation = Vector3.new(-3.52999997, 45.1100006, -3.53999996)
o28.Color = Color3.new(0.2, 0.0627451, 0.541176)
o29.Parent = o6
o29.Material = Enum.Material.Granite
o29.BrickColor = BrickColor.new("Dark indigo")
o29.Position = Vector3.new(94.1001663, 22.5435638, -233.359344)
o29.Rotation = Vector3.new(-5, -45, 0)
o29.Anchored = true
o29.Size = Vector3.new(16.2531986, 22.4835987, 1.35443342)
o29.CFrame = CFrame.new(94.1001663, 22.5435638, -233.359344, 0.707105875, -2.39709806e-07, -0.707107663, 0.0616289899, 0.996194661, 0.0616284907, 0.704416871, -0.0871562064, 0.704415143)
o29.BackSurface = Enum.SurfaceType.SmoothNoOutlines
o29.BottomSurface = Enum.SurfaceType.SmoothNoOutlines
o29.FrontSurface = Enum.SurfaceType.SmoothNoOutlines
o29.LeftSurface = Enum.SurfaceType.SmoothNoOutlines
o29.RightSurface = Enum.SurfaceType.SmoothNoOutlines
o29.TopSurface = Enum.SurfaceType.SmoothNoOutlines
o29.Color = Color3.new(0.2, 0.0627451, 0.541176)
o29.Position = Vector3.new(94.1001663, 22.5435638, -233.359344)
o29.Orientation = Vector3.new(-3.52999997, -45.1100006, 3.53999996)
o29.Color = Color3.new(0.2, 0.0627451, 0.541176)
o30.Parent = o6
o30.Material = Enum.Material.Granite
o30.BrickColor = BrickColor.new("Dark indigo")
o30.Position = Vector3.new(94.1001663, 22.5435638, -233.359344)
o30.Rotation = Vector3.new(-5, 90, 0)
o30.Anchored = true
o30.Size = Vector3.new(16.2531986, 22.4835987, 1.35443342)
o30.CFrame = CFrame.new(94.1001663, 22.5435638, -233.359344, 0, 0, 1, -0.087155968, 0.996194661, 0, -0.996194661, -0.087155968, 0)
o30.BackSurface = Enum.SurfaceType.SmoothNoOutlines
o30.BottomSurface = Enum.SurfaceType.SmoothNoOutlines
o30.FrontSurface = Enum.SurfaceType.SmoothNoOutlines
o30.LeftSurface = Enum.SurfaceType.SmoothNoOutlines
o30.RightSurface = Enum.SurfaceType.SmoothNoOutlines
o30.TopSurface = Enum.SurfaceType.SmoothNoOutlines
o30.Color = Color3.new(0.2, 0.0627451, 0.541176)
o30.Position = Vector3.new(94.1001663, 22.5435638, -233.359344)
o30.Orientation = Vector3.new(0, 90, -5)
o30.Color = Color3.new(0.2, 0.0627451, 0.541176)
o31.Parent = o6
o31.Material = Enum.Material.Granite
o31.BrickColor = BrickColor.new("Dark indigo")
o31.Position = Vector3.new(94.1001663, 22.5435581, -233.359344)
o31.Rotation = Vector3.new(-5, 0, 0)
o31.Anchored = true
o31.Size = Vector3.new(16.2531986, 22.4835987, 1.35443342)
o31.CFrame = CFrame.new(94.1001663, 22.5435581, -233.359344, 1, 0, 0, 0, 0.996194661, 0.087155968, 0, -0.087155968, 0.996194661)
o31.BackSurface = Enum.SurfaceType.SmoothNoOutlines
o31.BottomSurface = Enum.SurfaceType.SmoothNoOutlines
o31.FrontSurface = Enum.SurfaceType.SmoothNoOutlines
o31.LeftSurface = Enum.SurfaceType.SmoothNoOutlines
o31.RightSurface = Enum.SurfaceType.SmoothNoOutlines
o31.TopSurface = Enum.SurfaceType.SmoothNoOutlines
o31.Color = Color3.new(0.2, 0.0627451, 0.541176)
o31.Position = Vector3.new(94.1001663, 22.5435581, -233.359344)
o31.Orientation = Vector3.new(-5, 0, 0)
o31.Color = Color3.new(0.2, 0.0627451, 0.541176)
o32.Parent = o6
o32.Material = Enum.Material.Ice
o32.BrickColor = BrickColor.new("Royal purple")
o32.Position = Vector3.new(94.1002426, 9.45401001, -232.078156)
o32.Rotation = Vector3.new(175, 0, 90)
o32.Anchored = true
o32.Shape = Enum.PartType.Cylinder
o32.Size = Vector3.new(6.52810192, 17.6264038, 32.9408875)
o32.CFrame = CFrame.new(94.1002426, 9.45401001, -232.078156, 0, -1, 0, -0.996194661, 0, -0.087155968, 0.087155968, 0, -0.996194661)
o32.BottomSurface = Enum.SurfaceType.Smooth
o32.TopSurface = Enum.SurfaceType.Smooth
o32.Color = Color3.new(0.384314, 0.145098, 0.819608)
o32.Position = Vector3.new(94.1002426, 9.45401001, -232.078156)
o32.Orientation = Vector3.new(5, 180, -90)
o32.Color = Color3.new(0.384314, 0.145098, 0.819608)
o33.Parent = o6
o33.Material = Enum.Material.Neon
o33.BrickColor = BrickColor.new("Dark blue")
o33.Position = Vector3.new(94.1002426, 42.646286, -234.982101)
o33.Rotation = Vector3.new(175, 0, 90)
o33.Anchored = true
o33.Shape = Enum.PartType.Cylinder
o33.Size = Vector3.new(13.5711546, 8.95802593, 17.7712326)
o33.CFrame = CFrame.new(94.1002426, 42.646286, -234.982101, 0, -1, 0, -0.996194661, 0, -0.087155968, 0.087155968, 0, -0.996194661)
o33.BottomSurface = Enum.SurfaceType.Smooth
o33.TopSurface = Enum.SurfaceType.Smooth
o33.Color = Color3.new(0, 0.0627451, 0.690196)
o33.Position = Vector3.new(94.1002426, 42.646286, -234.982101)
o33.Orientation = Vector3.new(5, 180, -90)
o33.Color = Color3.new(0, 0.0627451, 0.690196)
o34.Parent = o6
o34.Material = Enum.Material.Neon
o34.BrickColor = BrickColor.new("Royal purple")
o34.Transparency = 0.5
o34.Position = Vector3.new(94.1002426, 42.646286, -234.982101)
o34.Rotation = Vector3.new(175, 0, 90)
o34.Anchored = true
o34.Shape = Enum.PartType.Cylinder
o34.Size = Vector3.new(13.5711546, 15.4593096, 18.8547764)
o34.CFrame = CFrame.new(94.1002426, 42.646286, -234.982101, 0, -1, 0, -0.996194661, 0, -0.087155968, 0.087155968, 0, -0.996194661)
o34.BottomSurface = Enum.SurfaceType.Smooth
o34.TopSurface = Enum.SurfaceType.Smooth
o34.Color = Color3.new(0.384314, 0.145098, 0.819608)
o34.Position = Vector3.new(94.1002426, 42.646286, -234.982101)
o34.Orientation = Vector3.new(5, 180, -90)
o34.Color = Color3.new(0.384314, 0.145098, 0.819608)
o35.Parent = o6
o35.Material = Enum.Material.Ice
o35.BrickColor = BrickColor.new("Royal purple")
o35.Position = Vector3.new(94.1002426, 36.9793205, -234.486313)
o35.Rotation = Vector3.new(175, 0, 90)
o35.Anchored = true
o35.Shape = Enum.PartType.Cylinder
o35.Size = Vector3.new(6.52810192, 17.6264038, 32.9408875)
o35.CFrame = CFrame.new(94.1002426, 36.9793205, -234.486313, 0, -1, 0, -0.996194661, 0, -0.087155968, 0.087155968, 0, -0.996194661)
o35.BottomSurface = Enum.SurfaceType.Smooth
o35.TopSurface = Enum.SurfaceType.Smooth
o35.Color = Color3.new(0.384314, 0.145098, 0.819608)
o35.Position = Vector3.new(94.1002426, 36.9793205, -234.486313)
o35.Orientation = Vector3.new(5, 180, -90)
o35.Color = Color3.new(0.384314, 0.145098, 0.819608)
o36.Parent = o6
o36.Material = Enum.Material.Ice
o36.BrickColor = BrickColor.new("Royal purple")
o36.Position = Vector3.new(94.1002426, 51.281662, -235.737701)
o36.Rotation = Vector3.new(175, 0, 90)
o36.Anchored = true
o36.Shape = Enum.PartType.Cylinder
o36.Size = Vector3.new(5.98632717, 17.6264038, 32.9408875)
o36.CFrame = CFrame.new(94.1002426, 51.281662, -235.737701, 0, -1, 0, -0.996194661, 0, -0.087155968, 0.087155968, 0, -0.996194661)
o36.BottomSurface = Enum.SurfaceType.Smooth
o36.TopSurface = Enum.SurfaceType.Smooth
o36.Color = Color3.new(0.384314, 0.145098, 0.819608)
o36.Position = Vector3.new(94.1002426, 51.281662, -235.737701)
o36.Orientation = Vector3.new(5, 180, -90)
o36.Color = Color3.new(0.384314, 0.145098, 0.819608)
o37.Parent = o6
o37.Material = Enum.Material.Granite
o37.BrickColor = BrickColor.new("Dark indigo")
o37.Position = Vector3.new(94.1002426, 51.281662, -235.737701)
o37.Rotation = Vector3.new(175, 0, 90)
o37.Anchored = true
o37.Shape = Enum.PartType.Cylinder
o37.Size = Vector3.new(3.81923342, 19.793499, 32.9408875)
o37.CFrame = CFrame.new(94.1002426, 51.281662, -235.737701, 0, -1, 0, -0.996194661, 0, -0.087155968, 0.087155968, 0, -0.996194661)
o37.BottomSurface = Enum.SurfaceType.Smooth
o37.TopSurface = Enum.SurfaceType.Smooth
o37.Color = Color3.new(0.2, 0.0627451, 0.541176)
o37.Position = Vector3.new(94.1002426, 51.281662, -235.737701)
o37.Orientation = Vector3.new(5, 180, -90)
o37.Color = Color3.new(0.2, 0.0627451, 0.541176)
o38.Parent = o6
o38.Material = Enum.Material.Granite
o38.BrickColor = BrickColor.new("Dark indigo")
o38.Position = Vector3.new(94.1002426, 37.0140533, -234.489365)
o38.Rotation = Vector3.new(175, 0, 90)
o38.Anchored = true
o38.Shape = Enum.PartType.Cylinder
o38.Size = Vector3.new(3.81923342, 19.793499, 32.9408875)
o38.CFrame = CFrame.new(94.1002426, 37.0140533, -234.489365, 0, -1, 0, -0.996194661, 0, -0.087155968, 0.087155968, 0, -0.996194661)
o38.BottomSurface = Enum.SurfaceType.Smooth
o38.TopSurface = Enum.SurfaceType.Smooth
o38.Color = Color3.new(0.2, 0.0627451, 0.541176)
o38.Position = Vector3.new(94.1002426, 37.0140533, -234.489365)
o38.Orientation = Vector3.new(5, 180, -90)
o38.Color = Color3.new(0.2, 0.0627451, 0.541176)
o39.Parent = o6
o39.Material = Enum.Material.Brick
o39.BrickColor = BrickColor.new("Royal purple")
o39.Position = Vector3.new(94.1002426, 21.3196583, -233.116257)
o39.Rotation = Vector3.new(175, 0, 90)
o39.Anchored = true
o39.Shape = Enum.PartType.Cylinder
o39.Size = Vector3.new(32.4634857, 15.9742641, 30.773798)
o39.CFrame = CFrame.new(94.1002426, 21.3196583, -233.116257, 0, -1, 0, -0.996194661, 0, -0.087155968, 0.087155968, 0, -0.996194661)
o39.BottomSurface = Enum.SurfaceType.Smooth
o39.TopSurface = Enum.SurfaceType.Smooth
o39.Color = Color3.new(0.384314, 0.145098, 0.819608)
o39.Position = Vector3.new(94.1002426, 21.3196583, -233.116257)
o39.Orientation = Vector3.new(5, 180, -90)
o39.Color = Color3.new(0.384314, 0.145098, 0.819608)
o40.Parent = o6
o40.Material = Enum.Material.Granite
o40.BrickColor = BrickColor.new("Dark indigo")
o40.Position = Vector3.new(94.1002426, 8.55628204, -231.999619)
o40.Rotation = Vector3.new(175, 0, 90)
o40.Anchored = true
o40.Shape = Enum.PartType.Cylinder
o40.Size = Vector3.new(6.83921766, 19.793499, 27.2120438)
o40.CFrame = CFrame.new(94.1002426, 8.55628204, -231.999619, 0, -1, 0, -0.996194661, 0, -0.087155968, 0.087155968, 0, -0.996194661)
o40.BottomSurface = Enum.SurfaceType.Smooth
o40.TopSurface = Enum.SurfaceType.Smooth
o40.Color = Color3.new(0.2, 0.0627451, 0.541176)
o40.Position = Vector3.new(94.1002426, 8.55628204, -231.999619)
o40.Orientation = Vector3.new(5, 180, -90)
o40.Color = Color3.new(0.2, 0.0627451, 0.541176)
o41.Parent = o6
o41.Material = Enum.Material.Granite
o41.BrickColor = BrickColor.new("Dark indigo")
o41.Position = Vector3.new(94.1001663, 21.0405273, -164.010117)
o41.Rotation = Vector3.new(10, -45, 0)
o41.Anchored = true
o41.Size = Vector3.new(14.7840395, 20.4512634, 1.23200345)
o41.CFrame = CFrame.new(94.1001663, 21.0405273, -164.010117, 0.707106054, -5.42640009e-07, -0.707107484, -0.122787014, 0.984807909, -0.122787528, 0.696365058, 0.173647419, 0.696363568)
o41.BackSurface = Enum.SurfaceType.SmoothNoOutlines
o41.BottomSurface = Enum.SurfaceType.SmoothNoOutlines
o41.FrontSurface = Enum.SurfaceType.SmoothNoOutlines
o41.LeftSurface = Enum.SurfaceType.SmoothNoOutlines
o41.RightSurface = Enum.SurfaceType.SmoothNoOutlines
o41.TopSurface = Enum.SurfaceType.SmoothNoOutlines
o41.Color = Color3.new(0.2, 0.0627451, 0.541176)
o41.Position = Vector3.new(94.1001663, 21.0405273, -164.010117)
o41.Orientation = Vector3.new(7.04999971, -45.4399986, -7.10999966)
o41.Color = Color3.new(0.2, 0.0627451, 0.541176)
o42.Parent = o6
o42.Material = Enum.Material.Granite
o42.BrickColor = BrickColor.new("Dark indigo")
o42.Position = Vector3.new(94.1001663, 21.0405273, -164.010117)
o42.Rotation = Vector3.new(10, 45, 0)
o42.Anchored = true
o42.Size = Vector3.new(14.7840395, 20.4512634, 1.23200345)
o42.CFrame = CFrame.new(94.1001663, 21.0405273, -164.010117, 0.707107067, 4.16200209e-07, 0.707106471, 0.122787014, 0.984807849, -0.122787707, -0.696364045, 0.173647538, 0.696364582)
o42.BackSurface = Enum.SurfaceType.SmoothNoOutlines
o42.BottomSurface = Enum.SurfaceType.SmoothNoOutlines
o42.FrontSurface = Enum.SurfaceType.SmoothNoOutlines
o42.LeftSurface = Enum.SurfaceType.SmoothNoOutlines
o42.RightSurface = Enum.SurfaceType.SmoothNoOutlines
o42.TopSurface = Enum.SurfaceType.SmoothNoOutlines
o42.Color = Color3.new(0.2, 0.0627451, 0.541176)
o42.Position = Vector3.new(94.1001663, 21.0405273, -164.010117)
o42.Orientation = Vector3.new(7.04999971, 45.4399986, 7.10999966)
o42.Color = Color3.new(0.2, 0.0627451, 0.541176)
o43.Parent = o6
o43.Material = Enum.Material.Granite
o43.BrickColor = BrickColor.new("Dark indigo")
o43.Position = Vector3.new(94.1001663, 21.0405273, -164.010117)
o43.Rotation = Vector3.new(10, 90, 0)
o43.Anchored = true
o43.Size = Vector3.new(14.7840395, 20.4512634, 1.23200345)
o43.CFrame = CFrame.new(94.1001663, 21.0405273, -164.010117, 0, 0, 1, 0.173647955, 0.984807789, 0, -0.984807789, 0.173647955, 0)
o43.BackSurface = Enum.SurfaceType.SmoothNoOutlines
o43.BottomSurface = Enum.SurfaceType.SmoothNoOutlines
o43.FrontSurface = Enum.SurfaceType.SmoothNoOutlines
o43.LeftSurface = Enum.SurfaceType.SmoothNoOutlines
o43.RightSurface = Enum.SurfaceType.SmoothNoOutlines
o43.TopSurface = Enum.SurfaceType.SmoothNoOutlines
o43.Color = Color3.new(0.2, 0.0627451, 0.541176)
o43.Position = Vector3.new(94.1001663, 21.0405273, -164.010117)
o43.Orientation = Vector3.new(0, 90, 10)
o43.Color = Color3.new(0.2, 0.0627451, 0.541176)
o44.Parent = o6
o44.Material = Enum.Material.Granite
o44.BrickColor = BrickColor.new("Dark indigo")
o44.Position = Vector3.new(94.1001663, 21.0405254, -164.010117)
o44.Rotation = Vector3.new(10, 0, 0)
o44.Anchored = true
o44.Size = Vector3.new(14.7840395, 20.4512634, 1.23200345)
o44.CFrame = CFrame.new(94.1001663, 21.0405254, -164.010117, 1, 0, 0, 0, 0.984807789, -0.173647955, 0, 0.173647955, 0.984807789)
o44.BackSurface = Enum.SurfaceType.SmoothNoOutlines
o44.BottomSurface = Enum.SurfaceType.SmoothNoOutlines
o44.FrontSurface = Enum.SurfaceType.SmoothNoOutlines
o44.LeftSurface = Enum.SurfaceType.SmoothNoOutlines
o44.RightSurface = Enum.SurfaceType.SmoothNoOutlines
o44.TopSurface = Enum.SurfaceType.SmoothNoOutlines
o44.Color = Color3.new(0.2, 0.0627451, 0.541176)
o44.Position = Vector3.new(94.1001663, 21.0405254, -164.010117)
o44.Orientation = Vector3.new(10, 0, 0)
o44.Color = Color3.new(0.2, 0.0627451, 0.541176)
o45.Parent = o6
o45.Material = Enum.Material.Ice
o45.BrickColor = BrickColor.new("Royal purple")
o45.Position = Vector3.new(94.1002426, 9.23825645, -165.966064)
o45.Rotation = Vector3.new(-170, 0, 90)
o45.Anchored = true
o45.Shape = Enum.PartType.Cylinder
o45.Size = Vector3.new(5.93801403, 16.0331173, 29.963295)
o45.CFrame = CFrame.new(94.1002426, 9.23825645, -165.966064, 0, -1, 0, -0.984807789, 0, 0.173647955, -0.173647955, 0, -0.984807789)
o45.BottomSurface = Enum.SurfaceType.Smooth
o45.TopSurface = Enum.SurfaceType.Smooth
o45.Color = Color3.new(0.384314, 0.145098, 0.819608)
o45.Position = Vector3.new(94.1002426, 9.23825645, -165.966064)
o45.Orientation = Vector3.new(-10, 180, -90)
o45.Color = Color3.new(0.384314, 0.145098, 0.819608)
o46.Parent = o6
o46.Material = Enum.Material.Neon
o46.BrickColor = BrickColor.new("Dark blue")
o46.Position = Vector3.new(94.1002426, 39.0851059, -160.703278)
o46.Rotation = Vector3.new(-170, 0, 90)
o46.Anchored = true
o46.Shape = Enum.PartType.Cylinder
o46.Size = Vector3.new(12.3444309, 8.14829254, 16.164856)
o46.CFrame = CFrame.new(94.1002426, 39.0851059, -160.703278, 0, -1, 0, -0.984807789, 0, 0.173647955, -0.173647955, 0, -0.984807789)
o46.BottomSurface = Enum.SurfaceType.Smooth
o46.TopSurface = Enum.SurfaceType.Smooth
o46.Color = Color3.new(0, 0.0627451, 0.690196)
o46.Position = Vector3.new(94.1002426, 39.0851059, -160.703278)
o46.Orientation = Vector3.new(-10, 180, -90)
o46.Color = Color3.new(0, 0.0627451, 0.690196)
o47.Parent = o6
o47.Material = Enum.Material.Neon
o47.BrickColor = BrickColor.new("Royal purple")
o47.Transparency = 0.5
o47.Position = Vector3.new(94.1002426, 39.0851059, -160.703278)
o47.Rotation = Vector3.new(-170, 0, 90)
o47.Anchored = true
o47.Shape = Enum.PartType.Cylinder
o47.Size = Vector3.new(12.3444309, 14.0619116, 17.1504555)
o47.CFrame = CFrame.new(94.1002426, 39.0851059, -160.703278, 0, -1, 0, -0.984807789, 0, 0.173647955, -0.173647955, 0, -0.984807789)
o47.BottomSurface = Enum.SurfaceType.Smooth
o47.TopSurface = Enum.SurfaceType.Smooth
o47.Color = Color3.new(0.384314, 0.145098, 0.819608)
o47.Position = Vector3.new(94.1002426, 39.0851059, -160.703278)
o47.Orientation = Vector3.new(-10, 180, -90)
o47.Color = Color3.new(0.384314, 0.145098, 0.819608)
o48.Parent = o6
o48.Material = Enum.Material.Ice
o48.BrickColor = BrickColor.new("Royal purple")
o48.Position = Vector3.new(94.1002426, 33.9893074, -161.601776)
o48.Rotation = Vector3.new(-170, 0, 90)
o48.Anchored = true
o48.Shape = Enum.PartType.Cylinder
o48.Size = Vector3.new(5.93801403, 16.0331173, 29.963295)
o48.CFrame = CFrame.new(94.1002426, 33.9893074, -161.601776, 0, -1, 0, -0.984807789, 0, 0.173647955, -0.173647955, 0, -0.984807789)
o48.BottomSurface = Enum.SurfaceType.Smooth
o48.TopSurface = Enum.SurfaceType.Smooth
o48.Color = Color3.new(0.384314, 0.145098, 0.819608)
o48.Position = Vector3.new(94.1002426, 33.9893074, -161.601776)
o48.Orientation = Vector3.new(-10, 180, -90)
o48.Color = Color3.new(0.384314, 0.145098, 0.819608)
o49.Parent = o6
o49.Material = Enum.Material.Ice
o49.BrickColor = BrickColor.new("Royal purple")
o49.Position = Vector3.new(94.1002426, 46.8501511, -159.334152)
o49.Rotation = Vector3.new(-170, 0, 90)
o49.Anchored = true
o49.Shape = Enum.PartType.Cylinder
o49.Size = Vector3.new(5.44521141, 16.0331173, 29.963295)
o49.CFrame = CFrame.new(94.1002426, 46.8501511, -159.334152, 0, -1, 0, -0.984807789, 0, 0.173647955, -0.173647955, 0, -0.984807789)
o49.BottomSurface = Enum.SurfaceType.Smooth
o49.TopSurface = Enum.SurfaceType.Smooth
o49.Color = Color3.new(0.384314, 0.145098, 0.819608)
o49.Position = Vector3.new(94.1002426, 46.8501511, -159.334152)
o49.Orientation = Vector3.new(-10, 180, -90)
o49.Color = Color3.new(0.384314, 0.145098, 0.819608)
o50.Parent = o6
o50.Material = Enum.Material.Granite
o50.BrickColor = BrickColor.new("Dark indigo")
o50.Position = Vector3.new(94.1002426, 46.8501511, -159.334152)
o50.Rotation = Vector3.new(-170, 0, 90)
o50.Anchored = true
o50.Shape = Enum.PartType.Cylinder
o50.Size = Vector3.new(3.47400546, 18.004324, 29.963295)
