local grips = {
CFrame.new(-2.47932649, -2.48046541, 11.918704, 0.205227405, 0.0159715191, 0.978579164, -0.0141227795, 0.999809146, -0.0133561101, -0.978610814, -0.0110792611, 0.205414385),
CFrame.new(-2.49850631, -3.68023038, 11.9323082, 0.205227405, 0.0159715191, 0.978579164, -0.0141227795, 0.999809146, -0.0133561101, -0.978610814, -0.0110792611, 0.205414385), 
CFrame.new(-2.51768637, -4.87999392, 11.9459133, 0.205227405, 0.0159715191, 0.978579164, -0.0141227795, 0.999809146, -0.0133561101, -0.978610814, -0.0110792611, 0.205414385),
CFrame.new(-0.194016188, 11.0659618, 1.88829291, -0.0155062452, 0.204845607, 0.978666842, -0.999815702, -0.0141175529, -0.0128854513, 0.0111767389, -0.978690684, 0.205026478), 
CFrame.new(-0.206802621, 10.266118, 1.89736247, -0.0155062452, 0.204845607, 0.978666842, -0.999815702, -0.0141175529, -0.0128854513, 0.0111767389, -0.978690684, 0.205026478),
CFrame.new(-2.51768637, -4.87999392, 11.9459133, 0.205227405, 0.0159715191, 0.978579164, -0.0141227795, 0.999809146, -0.0133561101, -0.978610814, -0.0110792611, 0.205414385), 
CFrame.new(-1.65753007, -4.9403553, 7.83539152, 0.205227405, 0.0159715191, 0.978579164, -0.0141227795, 0.999809146, -0.0133561101, -0.978610814, -0.0110792611, 0.205414385),
CFrame.new(-1.6191721, -2.54082656, 7.80818272, 0.205227405, 0.0159715191, 0.978579164, -0.0141227795, 0.999809146, -0.0133561101, -0.978610814, -0.0110792611, 0.205414385), 
CFrame.new(-1.63835204, -3.74059153, 7.82178736, 0.205227405, 0.0159715191, 0.978579164, -0.0141227795, 0.999809146, -0.0133561101, -0.978610814, -0.0110792611, 0.205414385),
CFrame.new(-0.869929373, -7.97430229, 3.87805605, 0.185753763, -0.0885646343, 0.978592098, 0.487673551, 0.872918665, -0.0135682495, -0.8530339, 0.479755968, 0.205339029), 
CFrame.new(-1.60842264, -1.12407112, 7.84890318, 0.169824079, 0.116239108, 0.97859019, -0.512135923, 0.858801961, -0.0131341107, -0.841946244, -0.498942912, 0.20537591),
CFrame.new(-1.18779457, -3.77220869, 5.66865683, 0.205227405, 0.0159715191, 0.978579164, -0.0141227795, 0.999809146, -0.0133561101, -0.978610814, -0.0110792611, 0.205414385), 
CFrame.new(-1.16861475, -2.57244396, 5.65505219, 0.205227405, 0.0159715191, 0.978579164, -0.0141227795, 0.999809146, -0.0133561101, -0.978610814, -0.0110792611, 0.205414385),
CFrame.new(-1.20697463, -4.97197199, 5.68226051, 0.205227405, 0.0159715191, 0.978579164, -0.0141227795, 0.999809146, -0.0133561101, -0.978610814, -0.0110792611, 0.205414385), 
CFrame.new(-0.759018064, -2.60118723, 3.69766212, 0.205227405, 0.0159715191, 0.978579164, -0.0141227795, 0.999809146, -0.0133561101, -0.978610814, -0.0110792611, 0.205414385),
CFrame.new(-0.778196156, -3.80095196, 3.71126676, 0.205227405, 0.0159715191, 0.978579164, -0.0141227795, 0.999809146, -0.0133561101, -0.978610814, -0.0110792611, 0.205414385), 
CFrame.new(-0.980865538, -3.9171896, 4.67129469, 0.194125995, 0.068435885, 0.978581727, -0.272411495, 0.96208787, -0.0132425297, -0.942392647, -0.26400739, 0.205409512),
CFrame.new(0.302834183, -5.25893974, 0.119167097, -0.194091126, 0.0684530064, -0.978587449, 0.272901505, 0.961950064, 0.0131621696, 0.94225806, -0.264504552, -0.205387428), 
CFrame.new(0.560022771, -3.87598085, -1.01880693, -0.205219269, 0.0159943067, -0.978580475, 0.0146320192, 0.999802947, 0.0132725937, 0.978605092, -0.0115948766, -0.205413446),
CFrame.new(0.579201698, -2.67621565, -1.03241158, -0.205219269, 0.0159943067, -0.978580475, 0.0146320192, 0.999802947, 0.0132725937, 0.978605092, -0.0115948766, -0.205413446), 
CFrame.new(-0.776662827, -2.58896613, 5.44642067, 0.015610557, 0.204755932, -0.978683949, 0.999808431, -0.0146257328, 0.0128866518, -0.0116752274, -0.978702009, -0.20494473),
CFrame.new(-0.455375969, -3.01188183, 3.88504672, 0.015610557, 0.204755932, -0.978683949, 0.999808431, -0.0146257328, 0.0128866518, -0.0116752274, -0.978702009, -0.20494473), 
CFrame.new(-0.445787132, -2.41200018, 3.8782444, 0.015610557, 0.204755932, -0.978683949, 0.999808431, -0.0146257328, 0.0128866518, -0.0116752274, -0.978702009, -0.20494473),
CFrame.new(0.0627772883, -5.06107616, -0.385646552, 0.205227405, 0.0159715191, 0.978579164, -0.0141227795, 0.999809146, -0.0133561101, -0.978610814, -0.0110792611, 0.205414385), 
CFrame.new(0.0819572285, -3.86131263, -0.399250835, 0.205227405, 0.0159715191, 0.978579164, -0.0141227795, 0.999809146, -0.0133561101, -0.978610814, -0.0110792611, 0.205414385),
CFrame.new(0.101135343, -2.6615479, -0.412855625, 0.205227405, 0.0159715191, 0.978579164, -0.0141227795, 0.999809146, -0.0133561101, -0.978610814, -0.0110792611, 0.205414385), 
CFrame.new(0.595253408, -5.09844351, -2.93025184, 0.205227405, 0.0159715191, 0.978579164, -0.0141227795, 0.999809146, -0.0133561101, -0.978610814, -0.0110792611, 0.205414385),
CFrame.new(0.614433348, -3.89867902, -2.94385624, 0.205227405, 0.0159715191, 0.978579164, -0.0141227795, 0.999809146, -0.0133561101, -0.978610814, -0.0110792611, 0.205414385), 
CFrame.new(0.633611381, -2.69891405, -2.9574604, 0.205227405, 0.0159715191, 0.978579164, -0.0141227795, 0.999809146, -0.0133561101, -0.978610814, -0.0110792611, 0.205414385),
CFrame.new(-0.411382258, -2.53137517, 2.0424788, -0.0155062452, 0.204845607, 0.978666842, -0.999815702, -0.0141175529, -0.0128854513, 0.0111767389, -0.978690684, 0.205026478), 
CFrame.new(-0.39859587, -1.73153222, 2.0334096, -0.0155062452, 0.204845607, 0.978666842, -0.999815702, -0.0141175529, -0.0128854513, 0.0111767389, -0.978690684, 0.205026478),
CFrame.new(-1.10770202, -2.482512, 5.37003756, -0.0155062452, 0.204845607, 0.978666842, -0.999815702, -0.0141175529, -0.0128854513, 0.0111767389, -0.978690684, 0.205026478), 
CFrame.new(-1.09491575, -1.68266892, 5.36096859, -0.0155062452, 0.204845607, 0.978666842, -0.999815702, -0.0141175529, -0.0128854513, 0.0111767389, -0.978690684, 0.205026478),
CFrame.new(-0.472117007, -6.33063555, 2.08556008, -0.0155062452, 0.204845607, 0.978666842, -0.999815702, -0.0141175529, -0.0128854513, 0.0111767389, -0.978690684, 0.205026478), 
CFrame.new(-0.459330499, -5.53079224, 2.07649016, -0.0155062452, 0.204845607, 0.978666842, -0.999815702, -0.0141175529, -0.0128854513, 0.0111767389, -0.978690684, 0.205026478),
CFrame.new(-1.1556505, -5.48192883, 5.40404987, -0.0155062452, 0.204845607, 0.978666842, -0.999815702, -0.0141175529, -0.0128854513, 0.0111767389, -0.978690684, 0.205026478), 
CFrame.new(-1.16843677, -6.28177166, 5.41311932, -0.0155062452, 0.204845607, 0.978666842, -0.999815702, -0.0141175529, -0.0128854513, 0.0111767389, -0.978690684, 0.205026478),
CFrame.new(1.41184855, -2.75352597, -6.67650509, 0.205227405, 0.0159715191, 0.978579164, -0.0141227795, 0.999809146, -0.0133561101, -0.978610814, -0.0110792611, 0.205414385), 
CFrame.new(1.3926686, -3.95329094, -6.66290092, 0.205227405, 0.0159715191, 0.978579164, -0.0141227795, 0.999809146, -0.0133561101, -0.978610814, -0.0110792611, 0.205414385),
CFrame.new(1.37348855, -5.15305471, -6.64929676, 0.205227405, 0.0159715191, 0.978579164, -0.0141227795, 0.999809146, -0.0133561101, -0.978610814, -0.0110792611, 0.205414385), 
CFrame.new(0.879371643, -2.71616006, -4.1318965, 0.205227405, 0.0159715191, 0.978579164, -0.0141227795, 0.999809146, -0.0133561101, -0.978610814, -0.0110792611, 0.205414385),
CFrame.new(0.860191762, -3.91592455, -4.11829281, 0.205227405, 0.0159715191, 0.978579164, -0.0141227795, 0.999809146, -0.0133561101, -0.978610814, -0.0110792611, 0.205414385), 
CFrame.new(0.841011822, -5.11568832, -4.10468864, 0.205227405, 0.0159715191, 0.978579164, -0.0141227795, 0.999809146, -0.0133561101, -0.978610814, -0.0110792611, 0.205414385),
CFrame.new(-0.536047339, -10.329855, 2.13090825, -0.0155062452, 0.204845607, 0.978666842, -0.999815702, -0.0141175529, -0.0128854513, 0.0111767389, -0.978690684, 0.205026478), 
CFrame.new(-0.523260951, -9.53001118, 2.12183881, -0.0155062452, 0.204845607, 0.978666842, -0.999815702, -0.0141175529, -0.0128854513, 0.0111767389, -0.978690684, 0.205026478),
CFrame.new(-1.21958256, -9.48114777, 5.44939709, -0.0155062452, 0.204845607, 0.978666842, -0.999815702, -0.0141175529, -0.0128854513, 0.0111767389, -0.978690684, 0.205026478), 
CFrame.new(-1.23236716, -10.2809916, 5.45846796, -0.0155062452, 0.204845607, 0.978666842, -0.999815702, -0.0141175529, -0.0128854513, 0.0111767389, -0.978690684, 0.205026478),
CFrame.new(2.23104191, -2.81101251, -10.5912876, 0.205227405, 0.0159715191, 0.978579164, -0.0141227795, 0.999809146, -0.0133561101, -0.978610814, -0.0110792611, 0.205414385), 
CFrame.new(2.21186209, -4.010777, -10.5776834, 0.205227405, 0.0159715191, 0.978579164, -0.0141227795, 0.999809146, -0.0133561101, -0.978610814, -0.0110792611, 0.205414385),
CFrame.new(2.19268394, -5.21054173, -10.5640783, 0.205227405, 0.0159715191, 0.978579164, -0.0141227795, 0.999809146, -0.0133561101, -0.978610814, -0.0110792611, 0.205414385), 
CFrame.new(1.69856501, -2.77364659, -8.04667759, 0.205227405, 0.0159715191, 0.978579164, -0.0141227795, 0.999809146, -0.0133561101, -0.978610814, -0.0110792611, 0.205414385),
CFrame.new(1.67938709, -3.97341132, -8.03307343, 0.205227405, 0.0159715191, 0.978579164, -0.0141227795, 0.999809146, -0.0133561101, -0.978610814, -0.0110792611, 0.205414385), 
CFrame.new(1.66020691, -5.17317486, -8.01946831, 0.205227405, 0.0159715191, 0.978579164, -0.0141227795, 0.999809146, -0.0133561101, -0.978610814, -0.0110792611, 0.205414385),
CFrame.new(-0.599977791, -14.3290749, 2.1762569, -0.0155062452, 0.204845607, 0.978666842, -0.999815702, -0.0141175529, -0.0128854513, 0.0111767389, -0.978690684, 0.205026478), 
CFrame.new(-0.587191284, -13.529233, 2.16718698, -0.0155062452, 0.204845607, 0.978666842, -0.999815702, -0.0141175529, -0.0128854513, 0.0111767389, -0.978690684, 0.205026478),
CFrame.new(-1.28351295, -13.4803696, 5.49474573, -0.0155062452, 0.204845607, 0.978666842, -0.999815702, -0.0141175529, -0.0128854513, 0.0111767389, -0.978690684, 0.205026478), 
CFrame.new(-1.29629946, -14.2802114, 5.50381613, -0.0155062452, 0.204845607, 0.978666842, -0.999815702, -0.0141175529, -0.0128854513, 0.0111767389, -0.978690684, 0.205026478),
CFrame.new(3.05023766, -2.86849904, -14.5060701, 0.205227405, 0.0159715191, 0.978579164, -0.0141227795, 0.999809146, -0.0133561101, -0.978610814, -0.0110792611, 0.205414385), 
CFrame.new(3.0310576, -4.06826401, -14.492466, 0.205227405, 0.0159715191, 0.978579164, -0.0141227795, 0.999809146, -0.0133561101, -0.978610814, -0.0110792611, 0.205414385),
CFrame.new(3.01187778, -5.26802731, -14.4788609, 0.205227405, 0.0159715191, 0.978579164, -0.0141227795, 0.999809146, -0.0133561101, -0.978610814, -0.0110792611, 0.205414385), 
CFrame.new(2.51776075, -2.83113265, -11.9614611, 0.205227405, 0.0159715191, 0.978579164, -0.0141227795, 0.999809146, -0.0133561101, -0.978610814, -0.0110792611, 0.205414385),
CFrame.new(2.49858093, -4.03089809, -11.9478579, 0.205227405, 0.0159715191, 0.978579164, -0.0141227795, 0.999809146, -0.0133561101, -0.978610814, -0.0110792611, 0.205414385), 
CFrame.new(2.47940254, -5.23066235, -11.9342527, 0.205227405, 0.0159715191, 0.978579164, -0.0141227795, 0.999809146, -0.0133561101, -0.978610814, -0.0110792611, 0.205414385),
}
 
for i,v in pairs(game.Players.LocalPlayer.Backpack:GetChildren()) do
if i <= #grips+1 and i>=2 then
v.Grip = grips[i-1]
v.Parent = game.Players.LocalPlayer.Character
end
end 